12
175
11 1 2 3 4 5 6 7 8 9 10 -11
11 1 2 3 4 5 6 7 8 9 -10 -11
11 1 2 3 4 5 6 -7 8 9 10 -11
11 1 2 3 4 5 6 -7 8 9 -10 -11
11 1 2 3 4 5 -6 7 8 9 10 -11
11 1 2 3 4 5 -6 7 8 9 -10 -11
12 1 2 3 4 5 -6 7 -8 -9 10 -11 -12
11 1 2 3 4 5 -6 -7 8 9 10 -11
11 1 2 3 4 5 -6 -7 8 9 -10 -11
10 1 2 3 4 -5 6 7 8 9 10
10 1 2 3 4 -5 6 -7 8 9 10
10 1 2 3 4 -5 -6 7 8 9 10
11 1 2 3 4 -5 -6 -7 8 9 10 11
10 1 2 3 4 -5 -6 -7 -8 9 10
9 1 2 3 4 -5 -6 -7 -8 -9
12 1 2 3 -4 5 6 7 8 9 10 11 -12
12 1 2 3 -4 5 6 -7 8 9 10 11 -12
11 1 2 3 -4 5 6 7 -8 9 10 -11
11 1 2 3 -4 5 6 -7 -8 9 10 -11
12 1 2 3 -4 5 -6 7 8 9 10 11 -12
12 1 2 3 -4 5 -6 -7 8 9 10 11 -12
12 1 2 3 -4 5 -6 7 -8 9 10 11 -12
11 1 2 3 -4 5 -6 7 -8 -9 10 -11
11 1 2 3 -4 5 -6 -7 -8 9 10 -11
9 1 2 3 -4 5 6 7 -8 -9
11 1 2 3 -4 -5 6 7 8 9 10 11
10 1 2 3 -4 -5 6 7 -8 9 10
11 1 2 3 -4 -5 6 -7 8 9 10 11
10 1 2 3 -4 -5 6 -7 -8 9 10
11 1 2 3 -4 -5 -6 7 8 9 10 11
10 1 2 3 -4 -5 -6 7 -8 9 10
11 1 2 3 -4 -5 -6 -7 8 9 10 11
8 1 2 3 -4 -5 -6 -7 -8
11 1 2 -3 4 5 6 7 8 9 -10 -11
11 1 2 -3 4 5 6 7 -8 -9 -10 -11
11 1 2 -3 4 5 6 -7 8 9 -10 -11
11 1 2 -3 4 5 -6 7 8 9 -10 -11
12 1 2 -3 4 5 -6 7 -8 -9 10 -11 -12
11 1 2 -3 4 5 -6 -7 8 9 -10 -11
11 1 2 -3 4 -5 6 -7 -8 9 10 11
11 1 2 -3 4 -5 6 -7 -8 9 -10 11
11 1 2 -3 4 -5 6 -7 -8 9 10 -11
11 1 2 -3 4 -5 6 -7 -8 9 -10 -11
9 1 2 -3 4 -5 -6 -7 -8 9
9 1 2 -3 4 -5 -6 -7 -8 -9
10 1 2 -3 -4 5 6 7 8 -9 -10
10 1 2 -3 -4 5 -6 7 8 -9 -10
11 1 2 -3 -4 5 6 7 -8 -9 10 -11
11 1 2 -3 -4 5 -6 7 -8 -9 10 -11
11 1 2 -3 -4 5 6 7 -8 -9 -10 -11
8 1 2 -3 -4 -5 -6 -7 -8
11 1 -2 3 4 5 6 7 8 9 10 -11
10 1 -2 3 4 5 6 7 8 -9 -10
10 1 -2 3 4 5 6 -7 8 9 -10
11 1 -2 3 4 5 -6 7 8 9 -10 -11
11 1 -2 3 4 5 -6 7 -8 -9 10 -11
12 1 -2 3 4 5 -6 -7 8 9 10 11 -12
11 1 -2 3 4 5 -6 -7 8 9 -10 -11
11 1 -2 3 4 5 -6 -7 -8 9 10 -11
10 1 -2 3 4 -5 6 7 8 9 10
9 1 -2 3 4 -5 6 -7 8 9
11 1 -2 3 4 -5 -6 7 -8 -9 10 11
11 1 -2 3 4 -5 -6 -7 8 9 10 11
8 1 -2 3 4 -5 -6 -7 -8
11 1 -2 3 -4 5 6 7 8 -9 -10 -11
12 1 -2 3 -4 5 -6 7 8 9 -10 -11 -12
12 1 -2 3 -4 5 -6 7 -8 -9 10 -11 -12
12 1 -2 3 -4 5 -6 -7 8 9 -10 -11 -12
9 1 -2 3 -4 -5 -6 -7 -8 -9
12 1 -2 -3 4 5 6 7 8 9 10 11 -12
11 1 -2 -3 4 5 6 7 8 9 -10 -11
12 1 -2 -3 4 5 6 -7 8 9 10 11 -12
11 1 -2 -3 4 5 6 -7 8 9 -10 -11
12 1 -2 -3 4 5 6 7 -8 9 10 11 -12
11 1 -2 -3 4 5 6 7 -8 -9 10 -11
11 1 -2 -3 4 5 6 -7 -8 9 10 -11
11 1 -2 -3 4 5 6 7 -8 -9 -10 -11
11 1 -2 -3 4 5 -6 7 8 9 -10 -11
11 1 -2 -3 4 5 -6 7 -8 -9 10 -11
12 1 -2 -3 4 5 -6 -7 8 9 10 11 -12
11 1 -2 -3 4 5 -6 -7 8 9 -10 -11
11 1 -2 -3 4 5 -6 -7 -8 9 10 -11
9 1 -2 -3 4 -5 6 -7 8 9
9 1 -2 -3 4 -5 6 7 8 9
11 1 -2 -3 4 -5 6 -7 -8 9 10 -11
11 1 -2 -3 4 -5 6 -7 -8 9 -10 11
11 1 -2 -3 4 -5 6 -7 -8 9 -10 -11
11 1 -2 -3 4 -5 -6 7 -8 -9 10 11
11 1 -2 -3 4 -5 -6 -7 8 9 10 11
9 1 -2 -3 4 -5 -6 -7 -8 9
9 1 -2 -3 4 -5 -6 -7 -8 -9
12 1 -2 -3 -4 5 6 7 8 9 -10 -11 -12
12 1 -2 -3 -4 5 6 -7 8 9 -10 -11 -12
12 1 -2 -3 -4 5 6 7 -8 -9 10 -11 -12
12 1 -2 -3 -4 5 6 7 -8 -9 -10 -11 -12
12 1 -2 -3 -4 5 -6 7 8 9 -10 -11 -12
12 1 -2 -3 -4 5 -6 7 -8 -9 10 -11 -12
12 1 -2 -3 -4 5 -6 -7 8 9 -10 -11 -12
9 1 -2 -3 -4 -5 -6 -7 -8 -9
11 -1 2 3 4 5 6 7 8 9 -10 -11
11 -1 2 3 4 5 6 -7 8 9 -10 -11
11 -1 2 3 4 5 -6 7 8 9 -10 -11
11 -1 2 3 4 5 -6 -7 8 9 -10 -11
11 -1 2 3 4 5 -6 7 -8 -9 10 -11
8 -1 2 3 4 -5 -6 -7 -8
11 -1 2 3 -4 5 6 7 8 9 -10 -11
11 -1 2 3 -4 5 6 -7 8 9 -10 -11
11 -1 2 3 -4 5 -6 7 8 9 -10 -11
11 -1 2 3 -4 5 -6 -7 8 9 -10 -11
11 -1 2 3 -4 5 -6 7 -8 -9 10 -11
8 -1 2 3 -4 -5 -6 -7 -8
10 -1 2 -3 4 5 6 7 8 -9 -10
10 -1 2 -3 4 5 -6 7 8 -9 -10
11 -1 2 -3 4 5 -6 7 -8 -9 10 -11
11 -1 2 -3 4 -5 6 -7 -8 9 10 11
11 -1 2 -3 4 -5 6 -7 -8 9 10 -11
11 -1 2 -3 4 -5 6 -7 -8 9 -10 11
11 -1 2 -3 4 -5 6 -7 -8 9 -10 -11
8 -1 2 -3 4 -5 -6 -7 -8
9 -1 2 -3 -4 5 6 7 -8 -9
11 -1 2 -3 -4 5 -6 7 -8 -9 10 -11
8 -1 2 -3 -4 -5 -6 -7 -8
11 -1 -2 3 4 5 6 7 8 9 -10 -11
11 -1 -2 3 4 5 6 7 8 9 10 -11
12 -1 -2 3 4 5 6 7 -8 9 10 11 -12
12 -1 -2 3 4 5 6 7 -8 -9 10 11 -12
11 -1 -2 3 4 5 6 -7 8 9 -10 -11
11 -1 -2 3 4 5 6 -7 8 9 10 -11
12 -1 -2 3 4 5 6 -7 -8 9 10 11 -12
12 -1 -2 3 4 5 6 -7 -8 -9 10 11 -12
11 -1 -2 3 4 5 -6 7 8 9 -10 -11
11 -1 -2 3 4 5 -6 7 8 9 10 -11
11 -1 -2 3 4 5 -6 7 -8 -9 10 -11
11 -1 -2 3 4 5 -6 7 -8 9 10 -11
11 -1 -2 3 4 5 -6 -7 8 9 -10 -11
11 -1 -2 3 4 5 -6 -7 8 9 10 -11
12 -1 -2 3 4 5 -6 -7 -8 9 10 11 -12
12 -1 -2 3 4 5 -6 -7 -8 -9 10 11 -12
10 -1 -2 3 4 -5 6 7 8 9 10
9 -1 -2 3 4 -5 6 -7 8 9
11 -1 -2 3 4 -5 -6 7 8 9 10 11
10 -1 -2 3 4 -5 -6 7 -8 9 10
11 -1 -2 3 4 -5 -6 -7 8 9 10 11
8 -1 -2 3 4 -5 -6 -7 -8
12 -1 -2 3 -4 5 6 7 8 9 -10 -11 -12
12 -1 -2 3 -4 5 6 -7 8 9 -10 -11 -12
12 -1 -2 3 -4 5 -6 7 8 9 -10 -11 -12
12 -1 -2 3 -4 5 -6 -7 8 9 -10 -11 -12
12 -1 -2 3 -4 5 -6 7 -8 -9 10 -11 -12
9 -1 -2 3 -4 -5 -6 -7 -8 -9
11 -1 -2 -3 4 5 6 7 8 9 10 -11
10 -1 -2 -3 4 5 6 7 8 -9 -10
10 -1 -2 -3 4 5 6 -7 8 9 -10
12 -1 -2 -3 4 5 -6 7 8 9 10 11 -12
11 -1 -2 -3 4 5 -6 7 8 9 -10 -11
12 -1 -2 -3 4 5 -6 -7 8 9 10 11 -12
11 -1 -2 -3 4 5 -6 -7 8 9 -10 -11
12 -1 -2 -3 4 5 -6 7 -8 9 10 11 -12
11 -1 -2 -3 4 5 -6 7 -8 -9 10 -11
11 -1 -2 -3 4 5 -6 -7 -8 9 10 -11
9 -1 -2 -3 4 -5 6 -7 8 9
9 -1 -2 -3 4 -5 6 7 8 9
11 -1 -2 -3 4 -5 6 -7 -8 9 10 -11
11 -1 -2 -3 4 -5 6 -7 -8 9 -10 11
11 -1 -2 -3 4 -5 6 -7 -8 9 -10 -11
11 -1 -2 -3 4 -5 -6 7 8 9 10 11
10 -1 -2 -3 4 -5 -6 7 -8 9 10
11 -1 -2 -3 4 -5 -6 -7 8 9 10 11
9 -1 -2 -3 4 -5 -6 -7 -8 9
9 -1 -2 -3 4 -5 -6 -7 -8 -9
11 -1 -2 -3 -4 5 6 7 8 -9 -10 -11
12 -1 -2 -3 -4 5 -6 7 8 9 -10 -11 -12
12 -1 -2 -3 -4 5 -6 -7 8 9 -10 -11 -12
12 -1 -2 -3 -4 5 -6 7 -8 -9 10 -11 -12
9 -1 -2 -3 -4 -5 -6 -7 -8 -9
