12
1382
10 1 2 3 4 5 6 7 8 9 10
10 1 2 3 4 5 6 7 8 -9 10
10 1 2 3 4 5 6 7 -8 9 10
11 1 2 3 4 5 6 7 -8 -9 -10 11
11 1 2 3 4 5 6 7 8 -9 -10 11
11 1 2 3 4 5 6 -7 8 9 10 11
11 1 2 3 4 5 6 -7 8 9 10 11
11 1 2 3 4 5 6 -7 8 9 10 -11
11 1 2 3 4 5 6 -7 8 9 -10 11
11 1 2 3 4 5 6 -7 8 9 -10 11
11 1 2 3 4 5 6 -7 8 -9 10 11
11 1 2 3 4 5 6 -7 8 9 -10 -11
11 1 2 3 4 5 6 -7 8 -9 -10 11
11 1 2 3 4 5 6 -7 -8 9 10 11
11 1 2 3 4 5 6 -7 -8 9 -10 11
11 1 2 3 4 5 6 -7 -8 -9 10 11
11 1 2 3 4 5 6 -7 -8 -9 -10 11
11 1 2 3 4 5 -6 7 8 9 10 11
11 1 2 3 4 5 -6 7 8 9 -10 11
12 1 2 3 4 5 -6 7 -8 9 10 -11 12
10 1 2 3 4 5 -6 7 -8 9 10
10 1 2 3 4 5 -6 7 -8 -9 10
11 1 2 3 4 5 -6 -7 8 9 10 11
11 1 2 3 4 5 -6 -7 8 9 10 11
11 1 2 3 4 5 -6 -7 8 9 10 -11
11 1 2 3 4 5 -6 -7 8 9 -10 11
11 1 2 3 4 5 -6 -7 8 9 -10 11
11 1 2 3 4 5 -6 -7 8 -9 10 11
11 1 2 3 4 5 -6 -7 8 9 -10 -11
11 1 2 3 4 5 -6 -7 8 -9 -10 11
11 1 2 3 4 5 -6 -7 -8 9 -10 11
11 1 2 3 4 5 -6 -7 -8 -9 10 11
11 1 2 3 4 5 -6 -7 -8 -9 -10 11
10 1 2 3 4 -5 6 7 8 9 10
9 1 2 3 4 -5 6 7 8 -9
9 1 2 3 4 -5 6 7 -8 9
10 1 2 3 4 -5 6 -7 8 9 10
9 1 2 3 4 -5 6 -7 8 -9
9 1 2 3 4 -5 6 -7 -8 9
11 1 2 3 4 -5 -6 7 8 9 10 11
10 1 2 3 4 -5 -6 7 8 9 -10
10 1 2 3 4 -5 -6 7 8 -9 10
12 1 2 3 4 -5 -6 7 -8 9 -10 11 12
10 1 2 3 4 -5 -6 7 -8 9 -10
12 1 2 3 4 -5 -6 7 -8 -9 10 -11 12
11 1 2 3 4 -5 -6 7 -8 -9 -10 11
11 1 2 3 4 -5 -6 -7 8 9 10 11
10 1 2 3 4 -5 -6 -7 8 9 -10
10 1 2 3 4 -5 -6 -7 8 -9 10
11 1 2 3 4 -5 -6 -7 -8 9 -10 11
11 1 2 3 4 -5 -6 -7 -8 -9 -10 11
9 1 2 3 -4 -5 6 7 8 -9
9 1 2 3 -4 -5 6 -7 8 -9
9 1 2 3 -4 -5 -6 7 8 -9
10 1 2 3 -4 -5 -6 -7 8 9 -10
10 1 2 -3 4 5 6 7 8 9 10
11 1 2 -3 4 5 6 7 -8 9 -10 11
11 1 2 -3 4 5 6 7 8 9 -10 11
10 1 2 -3 4 5 6 7 -8 9 10
11 1 2 -3 4 5 6 7 -8 -9 -10 11
11 1 2 -3 4 5 6 7 8 -9 -10 11
11 1 2 -3 4 5 6 -7 8 9 10 11
11 1 2 -3 4 5 6 -7 8 9 10 11
11 1 2 -3 4 5 6 -7 8 9 10 -11
11 1 2 -3 4 5 6 -7 8 9 -10 11
11 1 2 -3 4 5 6 -7 8 9 -10 11
11 1 2 -3 4 5 6 -7 8 -9 10 11
11 1 2 -3 4 5 6 -7 8 9 -10 -11
11 1 2 -3 4 5 6 -7 8 -9 -10 11
11 1 2 -3 4 5 6 -7 -8 9 10 11
11 1 2 -3 4 5 6 -7 -8 9 -10 11
11 1 2 -3 4 5 6 -7 -8 -9 10 11
11 1 2 -3 4 5 6 -7 -8 -9 -10 11
10 1 2 -3 4 5 -6 7 8 9 10
10 1 2 -3 4 5 -6 7 8 -9 10
10 1 2 -3 4 5 -6 7 -8 9 10
10 1 2 -3 4 5 -6 7 -8 -9 10
11 1 2 -3 4 5 -6 -7 8 9 10 11
11 1 2 -3 4 5 -6 -7 8 9 10 11
11 1 2 -3 4 5 -6 -7 8 9 10 -11
11 1 2 -3 4 5 -6 -7 8 9 -10 11
11 1 2 -3 4 5 -6 -7 8 9 -10 11
11 1 2 -3 4 5 -6 -7 8 -9 10 11
11 1 2 -3 4 5 -6 -7 8 9 -10 -11
11 1 2 -3 4 5 -6 -7 8 -9 -10 11
11 1 2 -3 4 5 -6 -7 -8 9 10 11
11 1 2 -3 4 5 -6 -7 -8 9 -10 11
11 1 2 -3 4 5 -6 -7 -8 -9 10 11
11 1 2 -3 4 5 -6 -7 -8 -9 -10 11
9 1 2 -3 4 -5 6 7 8 -9
9 1 2 -3 4 -5 6 7 8 9
9 1 2 -3 4 -5 6 7 -8 9
11 1 2 -3 4 -5 6 -7 8 9 10 11
11 1 2 -3 4 -5 6 -7 8 -9 10 11
11 1 2 -3 4 -5 6 -7 8 9 10 -11
11 1 2 -3 4 -5 6 -7 8 9 -10 11
11 1 2 -3 4 -5 6 -7 8 9 -10 -11
11 1 2 -3 4 -5 6 -7 8 -9 -10 11
9 1 2 -3 4 -5 6 -7 -8 9
9 1 2 -3 4 -5 -6 7 8 -9
9 1 2 -3 4 -5 -6 7 8 9
9 1 2 -3 4 -5 -6 7 -8 9
10 1 2 -3 4 -5 -6 -7 8 9 10
12 1 2 -3 4 -5 -6 -7 8 9 10 -11 -12
10 1 2 -3 4 -5 -6 -7 8 -9 10
12 1 2 -3 4 -5 -6 -7 8 9 -10 -11 -12
10 1 2 -3 4 -5 -6 -7 -8 9 10
10 1 2 -3 4 -5 -6 -7 -8 -9 10
11 1 2 -3 -4 -5 6 7 8 9 10 -11
11 1 2 -3 -4 -5 6 7 8 9 -10 -11
11 1 2 -3 -4 -5 6 7 -8 9 10 -11
11 1 2 -3 -4 -5 6 7 -8 9 -10 -11
9 1 2 -3 -4 -5 6 -7 8 -9
10 1 2 -3 -4 -5 -6 7 8 9 -10
10 1 2 -3 -4 -5 -6 7 8 -9 -10
10 1 2 -3 -4 -5 -6 -7 8 9 -10
10 1 -2 3 4 5 6 7 8 9 10
10 1 -2 3 4 5 6 7 8 -9 10
10 1 -2 3 4 5 6 7 -8 9 10
10 1 -2 3 4 5 6 7 -8 -9 10
11 1 -2 3 4 5 6 -7 8 9 10 11
11 1 -2 3 4 5 6 -7 8 9 10 11
11 1 -2 3 4 5 6 -7 8 9 10 -11
11 1 -2 3 4 5 6 -7 8 9 -10 11
11 1 -2 3 4 5 6 -7 8 9 -10 11
11 1 -2 3 4 5 6 -7 8 -9 10 11
11 1 -2 3 4 5 6 -7 8 9 -10 -11
11 1 -2 3 4 5 6 -7 8 -9 -10 11
11 1 -2 3 4 5 6 -7 -8 9 10 11
11 1 -2 3 4 5 6 -7 -8 9 -10 11
11 1 -2 3 4 5 6 -7 -8 -9 10 11
11 1 -2 3 4 5 6 -7 -8 -9 -10 11
10 1 -2 3 4 5 -6 7 8 9 10
10 1 -2 3 4 5 -6 7 8 -9 10
10 1 -2 3 4 5 -6 7 -8 9 10
10 1 -2 3 4 5 -6 7 -8 -9 10
11 1 -2 3 4 5 -6 -7 8 9 10 11
11 1 -2 3 4 5 -6 -7 8 9 10 11
11 1 -2 3 4 5 -6 -7 8 9 10 -11
11 1 -2 3 4 5 -6 -7 8 9 -10 11
11 1 -2 3 4 5 -6 -7 8 9 -10 11
11 1 -2 3 4 5 -6 -7 8 -9 10 11
11 1 -2 3 4 5 -6 -7 8 9 -10 -11
11 1 -2 3 4 5 -6 -7 8 -9 -10 11
11 1 -2 3 4 5 -6 -7 -8 9 10 11
11 1 -2 3 4 5 -6 -7 -8 9 -10 11
11 1 -2 3 4 5 -6 -7 -8 -9 10 11
11 1 -2 3 4 5 -6 -7 -8 -9 -10 11
12 1 -2 3 4 -5 6 7 8 9 -10 11 12
10 1 -2 3 4 -5 6 7 8 9 -10
11 1 -2 3 4 -5 6 7 -8 9 10 11
10 1 -2 3 4 -5 6 7 -8 9 -10
12 1 -2 3 4 -5 6 -7 8 9 -10 11 12
10 1 -2 3 4 -5 6 -7 8 9 -10
11 1 -2 3 4 -5 6 -7 -8 9 10 11
10 1 -2 3 4 -5 6 -7 -8 9 -10
10 1 -2 3 4 -5 6 7 8 -9 10
10 1 -2 3 4 -5 6 7 -8 -9 10
10 1 -2 3 4 -5 6 -7 8 -9 10
10 1 -2 3 4 -5 6 -7 -8 -9 10
12 1 -2 3 4 -5 -6 7 8 9 -10 11 12
10 1 -2 3 4 -5 -6 7 8 9 -10
11 1 -2 3 4 -5 -6 7 -8 9 10 11
10 1 -2 3 4 -5 -6 7 -8 9 -10
10 1 -2 3 4 -5 -6 7 8 -9 10
10 1 -2 3 4 -5 -6 7 -8 -9 10
12 1 -2 3 4 -5 -6 -7 8 9 -10 11 12
10 1 -2 3 4 -5 -6 -7 8 9 -10
10 1 -2 3 4 -5 -6 -7 -8 9 10
10 1 -2 3 4 -5 -6 -7 8 -9 10
10 1 -2 3 4 -5 -6 -7 -8 -9 10
8 1 -2 3 -4 5 6 7 8
8 1 -2 3 -4 5 6 -7 8
8 1 -2 3 -4 5 -6 7 8
11 1 -2 3 -4 5 -6 -7 8 9 10 -11
11 1 -2 3 -4 5 -6 -7 8 9 10 -11
11 1 -2 3 -4 5 -6 -7 8 -9 10 -11
11 1 -2 3 -4 5 -6 -7 8 -9 10 -11
11 1 -2 3 -4 5 -6 -7 -8 9 10 -11
11 1 -2 3 -4 5 -6 -7 -8 9 10 -11
11 1 -2 3 -4 5 -6 -7 -8 -9 10 -11
11 1 -2 3 -4 5 -6 -7 -8 -9 10 -11
10 1 -2 3 -4 -5 6 7 8 9 -10
10 1 -2 3 -4 -5 6 7 -8 9 -10
10 1 -2 3 -4 -5 6 7 -8 9 10
9 1 -2 3 -4 -5 6 -7 8 -9
9 1 -2 3 -4 -5 6 -7 8 9
10 1 -2 3 -4 -5 6 7 8 -9 -10
10 1 -2 3 -4 -5 6 -7 8 -9 -10
11 1 -2 3 -4 -5 -6 7 8 9 10 -11
11 1 -2 3 -4 -5 -6 7 8 -9 10 -11
11 1 -2 3 -4 -5 -6 7 8 -9 10 11
10 1 -2 3 -4 -5 -6 7 -8 9 -10
10 1 -2 3 -4 -5 -6 7 -8 9 10
10 1 -2 3 -4 -5 -6 7 8 -9 -10
11 1 -2 3 -4 -5 -6 -7 8 9 10 -11
11 1 -2 3 -4 -5 -6 -7 8 9 -10 -11
11 1 -2 3 -4 -5 -6 -7 -8 9 10 11
12 1 -2 3 -4 -5 -6 -7 -8 9 -10 -11 12
11 1 -2 3 -4 -5 -6 -7 8 -9 10 -11
11 1 -2 3 -4 -5 -6 -7 8 -9 10 11
11 1 -2 3 -4 -5 -6 -7 -8 -9 10 11
10 1 -2 -3 4 5 6 7 8 9 10
10 1 -2 -3 4 5 6 7 8 -9 10
10 1 -2 -3 4 5 6 7 -8 9 10
10 1 -2 -3 4 5 6 7 -8 -9 10
11 1 -2 -3 4 5 6 -7 8 9 10 11
11 1 -2 -3 4 5 6 -7 8 9 10 11
11 1 -2 -3 4 5 6 -7 8 9 10 -11
11 1 -2 -3 4 5 6 -7 8 9 -10 11
11 1 -2 -3 4 5 6 -7 8 9 -10 11
11 1 -2 -3 4 5 6 -7 8 -9 10 11
11 1 -2 -3 4 5 6 -7 8 9 -10 -11
11 1 -2 -3 4 5 6 -7 8 -9 -10 11
11 1 -2 -3 4 5 6 -7 -8 9 10 11
11 1 -2 -3 4 5 6 -7 -8 9 -10 11
11 1 -2 -3 4 5 6 -7 -8 -9 10 11
11 1 -2 -3 4 5 6 -7 -8 -9 -10 11
10 1 -2 -3 4 5 -6 7 8 9 10
10 1 -2 -3 4 5 -6 7 8 -9 10
10 1 -2 -3 4 5 -6 7 -8 9 10
10 1 -2 -3 4 5 -6 7 -8 -9 10
11 1 -2 -3 4 5 -6 -7 8 9 10 11
11 1 -2 -3 4 5 -6 -7 8 9 10 11
11 1 -2 -3 4 5 -6 -7 8 9 10 -11
11 1 -2 -3 4 5 -6 -7 8 9 -10 11
11 1 -2 -3 4 5 -6 -7 8 9 -10 11
11 1 -2 -3 4 5 -6 -7 8 -9 10 11
11 1 -2 -3 4 5 -6 -7 8 9 -10 -11
11 1 -2 -3 4 5 -6 -7 8 -9 -10 11
11 1 -2 -3 4 5 -6 -7 -8 9 10 11
11 1 -2 -3 4 5 -6 -7 -8 9 -10 11
11 1 -2 -3 4 5 -6 -7 -8 -9 10 11
11 1 -2 -3 4 5 -6 -7 -8 -9 -10 11
12 1 -2 -3 4 -5 6 7 8 9 -10 11 12
12 1 -2 -3 4 -5 6 -7 8 9 -10 11 12
11 1 -2 -3 4 -5 6 7 -8 9 10 11
12 1 -2 -3 4 -5 6 -7 -8 9 10 11 12
12 1 -2 -3 4 -5 6 -7 -8 9 -10 11 12
10 1 -2 -3 4 -5 6 7 8 9 -10
10 1 -2 -3 4 -5 6 7 8 9 -10
10 1 -2 -3 4 -5 6 7 8 -9 10
10 1 -2 -3 4 -5 6 7 8 -9 -10
10 1 -2 -3 4 -5 6 7 8 -9 -10
10 1 -2 -3 4 -5 6 7 -8 -9 10
10 1 -2 -3 4 -5 6 7 8 -9 10
10 1 -2 -3 4 -5 6 7 -8 -9 10
10 1 -2 -3 4 -5 6 -7 8 -9 10
10 1 -2 -3 4 -5 6 -7 -8 -9 10
12 1 -2 -3 4 -5 -6 7 8 9 -10 11 12
10 1 -2 -3 4 -5 -6 7 8 9 -10
11 1 -2 -3 4 -5 -6 7 -8 9 10 11
10 1 -2 -3 4 -5 -6 7 -8 9 -10
10 1 -2 -3 4 -5 -6 7 8 -9 10
10 1 -2 -3 4 -5 -6 7 -8 -9 10
12 1 -2 -3 4 -5 -6 -7 8 9 -10 11 12
10 1 -2 -3 4 -5 -6 -7 8 9 -10
10 1 -2 -3 4 -5 -6 -7 8 -9 10
11 1 -2 -3 4 -5 -6 -7 -8 9 10 11
11 1 -2 -3 4 -5 -6 -7 -8 9 -10 11
11 1 -2 -3 4 -5 -6 -7 -8 -9 10 11
11 1 -2 -3 4 -5 -6 -7 -8 -9 -10 11
8 1 -2 -3 -4 5 6 7 8
8 1 -2 -3 -4 5 6 -7 8
8 1 -2 -3 -4 5 -6 7 8
8 1 -2 -3 -4 5 -6 -7 8
10 1 -2 -3 -4 -5 6 7 8 9 -10
10 1 -2 -3 -4 -5 6 7 -8 9 -10
10 1 -2 -3 -4 -5 6 7 -8 9 10
9 1 -2 -3 -4 -5 6 -7 8 -9
9 1 -2 -3 -4 -5 6 -7 8 9
10 1 -2 -3 -4 -5 6 7 8 -9 -10
10 1 -2 -3 -4 -5 6 -7 8 -9 -10
11 1 -2 -3 -4 -5 -6 7 8 9 10 -11
11 1 -2 -3 -4 -5 -6 7 8 -9 10 -11
11 1 -2 -3 -4 -5 -6 7 8 -9 10 11
10 1 -2 -3 -4 -5 -6 7 -8 9 -10
10 1 -2 -3 -4 -5 -6 7 -8 9 10
10 1 -2 -3 -4 -5 -6 7 8 -9 -10
11 1 -2 -3 -4 -5 -6 -7 8 9 10 -11
11 1 -2 -3 -4 -5 -6 -7 8 9 -10 -11
11 1 -2 -3 -4 -5 -6 -7 -8 9 10 11
12 1 -2 -3 -4 -5 -6 -7 -8 9 -10 -11 12
11 1 -2 -3 -4 -5 -6 -7 8 -9 10 -11
11 1 -2 -3 -4 -5 -6 -7 8 -9 10 11
11 1 -2 -3 -4 -5 -6 -7 -8 -9 10 11
8 -1 2 3 4 5 6 7 8
12 -1 2 3 4 5 6 7 -8 9 -10 11 -12
8 -1 2 3 4 5 6 -7 8
12 -1 2 3 4 5 6 7 -8 9 -10 -11 -12
10 -1 2 3 4 5 -6 7 8 9 10
10 -1 2 3 4 5 -6 7 8 -9 10
10 -1 2 3 4 5 -6 7 8 -9 10
10 -1 2 3 4 5 -6 7 -8 -9 10
9 -1 2 3 4 5 -6 -7 8 9
9 -1 2 3 4 5 -6 -7 -8 9
9 -1 2 3 4 5 -6 -7 -8 9
12 -1 2 3 4 5 -6 7 -8 9 -10 11 -12
12 -1 2 3 4 5 -6 7 -8 9 -10 -11 -12
7 -1 2 3 4 -5 6 7
8 -1 2 3 4 -5 -6 7 8
9 -1 2 3 4 -5 -6 -7 8 9
10 -1 2 3 4 -5 -6 -7 -8 -9 10
7 -1 2 -3 4 5 6 7
7 -1 2 -3 4 5 -6 7
9 -1 2 -3 4 -5 6 7 8 9
9 -1 2 -3 4 -5 6 7 -8 9
9 -1 2 -3 4 -5 6 -7 8 9
9 -1 2 -3 4 -5 6 -7 -8 9
7 -1 2 -3 4 -5 -6 7
8 -1 -2 3 4 5 6 7 8
12 -1 -2 3 4 5 6 7 -8 9 -10 11 -12
8 -1 -2 3 4 5 6 -7 8
12 -1 -2 3 4 5 6 7 -8 9 -10 -11 -12
8 -1 -2 3 4 5 -6 7 8
12 -1 -2 3 4 5 -6 7 -8 9 -10 11 -12
8 -1 -2 3 4 5 -6 -7 8
12 -1 -2 3 4 5 -6 7 -8 9 -10 -11 -12
11 -1 -2 3 4 -5 6 7 8 9 -10 11
10 -1 -2 3 4 -5 6 7 8 -9 10
9 -1 -2 3 4 -5 6 7 -8 9
8 -1 -2 3 4 -5 6 -7 8
12 -1 -2 3 4 -5 -6 7 8 9 10 -11 12
11 -1 -2 3 4 -5 -6 7 8 9 -10 11
10 -1 -2 3 4 -5 -6 7 8 -9 10
9 -1 -2 3 4 -5 -6 7 -8 9
12 -1 -2 3 4 -5 -6 -7 8 9 10 -11 12
11 -1 -2 3 4 -5 -6 -7 8 9 -10 11
10 -1 -2 3 4 -5 -6 -7 8 -9 10
9 -1 -2 3 4 -5 -6 -7 -8 9
8 -1 -2 3 -4 5 6 7 8
8 -1 -2 3 -4 5 6 -7 8
8 -1 -2 3 -4 5 -6 7 8
11 -1 -2 3 -4 5 -6 -7 8 9 10 -11
11 -1 -2 3 -4 5 -6 -7 8 -9 10 -11
11 -1 -2 3 -4 5 -6 -7 8 -9 10 -11
11 -1 -2 3 -4 5 -6 -7 -8 9 10 -11
11 -1 -2 3 -4 5 -6 -7 -8 -9 10 -11
11 -1 -2 3 -4 5 -6 -7 -8 -9 10 -11
10 -1 -2 3 -4 -5 6 7 8 9 -10
10 -1 -2 3 -4 -5 6 7 -8 9 -10
10 -1 -2 3 -4 -5 6 7 -8 9 10
9 -1 -2 3 -4 -5 6 -7 8 -9
9 -1 -2 3 -4 -5 6 -7 8 9
11 -1 -2 3 -4 -5 -6 7 8 9 10 -11
11 -1 -2 3 -4 -5 -6 7 8 -9 10 -11
11 -1 -2 3 -4 -5 -6 7 8 -9 10 11
10 -1 -2 3 -4 -5 -6 7 -8 9 -10
10 -1 -2 3 -4 -5 -6 7 -8 9 10
11 -1 -2 3 -4 -5 -6 -7 8 9 10 -11
11 -1 -2 3 -4 -5 -6 -7 8 -9 10 -11
11 -1 -2 3 -4 -5 -6 -7 8 -9 10 11
10 -1 -2 3 -4 -5 -6 -7 -8 9 10
7 -1 -2 -3 4 5 6 7
7 -1 -2 -3 4 5 -6 7
11 -1 -2 -3 4 -5 6 7 -8 9 10 11
10 -1 -2 -3 4 -5 6 7 8 -9 10
9 -1 -2 -3 4 -5 6 7 -8 9
10 -1 -2 -3 4 -5 6 -7 8 9 10
10 -1 -2 -3 4 -5 6 -7 8 -9 10
10 -1 -2 -3 4 -5 6 -7 -8 9 10
10 -1 -2 -3 4 -5 6 -7 -8 -9 10
12 -1 -2 -3 4 -5 -6 7 8 9 10 -11 12
11 -1 -2 -3 4 -5 -6 7 8 9 -10 11
10 -1 -2 -3 4 -5 -6 7 8 -9 10
9 -1 -2 -3 4 -5 -6 7 -8 9
12 -1 -2 -3 4 -5 -6 -7 8 9 10 -11 12
11 -1 -2 -3 4 -5 -6 -7 8 9 -10 11
10 -1 -2 -3 4 -5 -6 -7 8 -9 10
10 -1 -2 -3 4 -5 -6 -7 -8 9 10
10 -1 -2 -3 4 -5 -6 -7 -8 -9 10
9 -1 -2 -3 -4 5 6 7 -8 9
9 -1 -2 -3 -4 5 6 7 -8 9
9 -1 -2 -3 -4 5 6 7 8 -9
8 -1 -2 -3 -4 5 6 -7 8
9 -1 -2 -3 -4 5 -6 7 -8 9
9 -1 -2 -3 -4 5 -6 7 -8 9
9 -1 -2 -3 -4 5 -6 7 8 -9
8 -1 -2 -3 -4 5 -6 -7 8
10 -1 -2 -3 -4 -5 6 7 8 9 -10
10 -1 -2 -3 -4 -5 6 7 -8 9 -10
10 -1 -2 -3 -4 -5 6 7 -8 9 10
9 -1 -2 -3 -4 -5 6 -7 8 -9
9 -1 -2 -3 -4 -5 6 -7 8 9
11 -1 -2 -3 -4 -5 -6 7 8 9 10 -11
11 -1 -2 -3 -4 -5 -6 7 8 -9 10 -11
11 -1 -2 -3 -4 -5 -6 7 8 -9 10 11
10 -1 -2 -3 -4 -5 -6 7 -8 9 -10
10 -1 -2 -3 -4 -5 -6 7 -8 9 10
11 -1 -2 -3 -4 -5 -6 -7 8 9 10 -11
11 -1 -2 -3 -4 -5 -6 -7 8 -9 10 -11
11 -1 -2 -3 -4 -5 -6 -7 8 -9 10 11
10 -1 -2 -3 -4 -5 -6 -7 -8 9 10
10 1 2 3 4 5 6 7 8 9 10
12 1 2 3 4 5 6 7 8 -9 10 -11 12
11 1 2 3 4 5 6 -7 8 9 10 11
11 1 2 3 4 5 6 -7 8 9 10 11
11 1 2 3 4 5 6 -7 -8 9 10 11
10 1 2 3 4 5 -6 7 8 9 10
12 1 2 3 4 5 -6 7 8 -9 10 -11 12
11 1 2 3 4 5 -6 7 -8 9 -10 11
11 1 2 3 4 5 -6 -7 8 9 10 11
11 1 2 3 4 5 -6 -7 8 9 10 11
11 1 2 3 4 5 -6 -7 -8 9 10 11
11 1 2 3 4 5 -6 -7 -8 9 -10 11
8 1 2 3 4 5 6 -7 8
12 1 2 3 4 5 6 -7 8 9 -10 11 -12
12 1 2 3 4 5 6 -7 8 9 -10 -11 -12
12 1 2 3 4 5 -6 -7 8 9 -10 11 -12
12 1 2 3 4 5 -6 -7 8 9 -10 -11 -12
10 1 2 3 4 -5 6 7 8 9 10
12 1 2 3 4 -5 6 7 8 -9 10 -11 12
10 1 2 3 4 -5 6 -7 8 9 10
12 1 2 3 4 -5 6 7 8 -9 -10 -11 12
10 1 2 3 4 -5 6 7 8 -9 -10
10 1 2 3 4 -5 6 -7 8 -9 -10
11 1 2 3 4 -5 -6 7 8 9 10 11
10 1 2 3 4 -5 -6 7 -8 9 10
10 1 2 3 4 -5 -6 7 8 -9 -10
10 1 2 3 4 -5 -6 -7 -8 9 10
10 1 2 3 4 -5 -6 -7 8 9 10
10 1 2 3 4 -5 -6 -7 -8 -9 10
10 1 2 3 4 -5 -6 -7 8 -9 -10
9 1 2 3 -4 -5 6 7 8 -9
9 1 2 3 -4 -5 6 -7 8 -9
9 1 2 3 -4 -5 -6 7 8 -9
9 1 2 3 -4 -5 -6 -7 8 -9
11 1 2 -3 4 5 6 7 8 -9 10 11
11 1 2 -3 4 5 6 7 -8 -9 10 11
11 1 2 -3 4 5 -6 7 -8 9 10 11
11 1 2 -3 4 5 -6 7 -8 9 -10 11
11 1 2 -3 4 5 6 7 8 -9 10 11
12 1 2 -3 4 5 6 7 -8 -9 -10 11 12
11 1 2 -3 4 5 6 7 8 -9 -10 11
12 1 2 -3 4 5 6 7 -8 -9 -10 -11 12
11 1 2 -3 4 5 6 -7 8 9 -10 11
11 1 2 -3 4 5 6 -7 8 -9 10 11
11 1 2 -3 4 5 6 -7 8 9 -10 -11
11 1 2 -3 4 5 6 -7 8 -9 -10 11
11 1 2 -3 4 5 -6 7 8 -9 10 11
11 1 2 -3 4 5 -6 7 8 -9 -10 11
11 1 2 -3 4 5 -6 -7 8 9 -10 11
11 1 2 -3 4 5 -6 -7 8 -9 10 11
11 1 2 -3 4 5 -6 -7 8 9 -10 -11
11 1 2 -3 4 5 -6 -7 8 -9 -10 11
12 1 2 -3 4 -5 6 7 8 -9 10 -11 12
12 1 2 -3 4 -5 6 7 8 -9 -10 -11 12
10 1 2 -3 4 -5 6 7 8 -9 -10
12 1 2 -3 4 -5 6 -7 -8 9 10 11 12
12 1 2 -3 4 -5 6 -7 -8 9 10 -11 12
12 1 2 -3 4 -5 6 -7 -8 9 -10 11 12
12 1 2 -3 4 -5 6 -7 -8 9 -10 -11 12
10 1 2 -3 4 -5 6 -7 8 -9 -10
10 1 2 -3 4 -5 -6 7 8 -9 -10
10 1 2 -3 4 -5 -6 -7 -8 9 10
10 1 2 -3 4 -5 -6 -7 -8 -9 10
10 1 2 -3 4 -5 -6 -7 8 -9 -10
9 1 2 -3 -4 -5 6 7 8 -9
9 1 2 -3 -4 -5 6 -7 8 -9
9 1 2 -3 -4 -5 -6 7 8 -9
9 1 2 -3 -4 -5 -6 -7 8 -9
10 1 -2 3 4 5 6 7 8 9 10
11 1 -2 3 4 5 6 -7 8 9 10 11
11 1 -2 3 4 5 6 -7 8 9 10 11
11 1 -2 3 4 5 6 -7 -8 9 10 11
10 1 -2 3 4 5 -6 7 8 9 10
11 1 -2 3 4 5 -6 7 -8 9 -10 11
11 1 -2 3 4 5 -6 -7 8 9 10 11
11 1 -2 3 4 5 -6 -7 8 9 10 11
11 1 -2 3 4 5 -6 -7 -8 9 10 11
11 1 -2 3 4 5 6 7 8 -9 10 11
11 1 -2 3 4 5 6 7 8 -9 -10 11
11 1 -2 3 4 5 6 -7 8 9 -10 11
11 1 -2 3 4 5 6 -7 8 -9 10 11
11 1 -2 3 4 5 6 -7 8 9 -10 -11
11 1 -2 3 4 5 6 -7 8 -9 -10 11
11 1 -2 3 4 5 -6 7 8 -9 10 11
11 1 -2 3 4 5 -6 7 8 -9 -10 11
11 1 -2 3 4 5 -6 -7 8 9 -10 11
11 1 -2 3 4 5 -6 -7 8 -9 10 11
11 1 -2 3 4 5 -6 -7 8 9 -10 -11
11 1 -2 3 4 5 -6 -7 8 -9 -10 11
10 1 -2 3 4 -5 6 7 8 9 10
10 1 -2 3 4 -5 6 7 8 9 10
10 1 -2 3 4 -5 6 7 8 -9 10
10 1 -2 3 4 -5 6 -7 8 9 10
10 1 -2 3 4 -5 6 7 8 -9 -10
10 1 -2 3 4 -5 6 -7 8 -9 -10
11 1 -2 3 4 -5 -6 7 8 9 10 11
11 1 -2 3 4 -5 -6 7 8 9 10 11
11 1 -2 3 4 -5 -6 7 8 9 -10 11
11 1 -2 3 4 -5 -6 7 -8 9 10 11
10 1 -2 3 4 -5 -6 7 8 -9 -10
9 1 -2 3 4 -5 -6 -7 8 -9
9 1 -2 3 4 -5 -6 -7 8 9
11 1 -2 3 4 -5 -6 -7 -8 -9 10 11
11 1 -2 3 4 -5 -6 -7 -8 9 10 11
11 1 -2 3 4 -5 -6 -7 -8 -9 -10 11
8 1 -2 3 -4 5 6 7 8
9 1 -2 3 -4 5 -6 7 -8 9
9 1 -2 3 -4 5 -6 7 8 9
11 1 -2 3 -4 5 -6 -7 8 9 10 11
11 1 -2 3 -4 5 -6 -7 8 9 10 11
11 1 -2 3 -4 5 -6 -7 8 -9 10 11
11 1 -2 3 -4 5 -6 -7 8 -9 10 11
11 1 -2 3 -4 5 -6 -7 -8 9 10 11
11 1 -2 3 -4 5 -6 -7 -8 9 10 11
11 1 -2 3 -4 5 -6 -7 -8 -9 10 11
11 1 -2 3 -4 5 -6 -7 -8 -9 10 11
9 1 -2 3 -4 -5 6 7 8 9
9 1 -2 3 -4 -5 6 7 8 9
9 1 -2 3 -4 -5 6 7 8 -9
9 1 -2 3 -4 -5 6 -7 8 9
9 1 -2 3 -4 -5 6 -7 8 -9
11 1 -2 3 -4 -5 6 7 8 9 -10 -11
12 1 -2 3 -4 -5 6 7 -8 9 -10 -11 -12
11 1 -2 3 -4 -5 6 -7 8 9 -10 -11
12 1 -2 3 -4 -5 6 -7 -8 9 -10 -11 -12
10 1 -2 3 -4 -5 -6 7 8 9 10
10 1 -2 3 -4 -5 -6 7 8 9 10
10 1 -2 3 -4 -5 -6 7 8 9 -10
10 1 -2 3 -4 -5 -6 7 -8 9 10
10 1 -2 3 -4 -5 -6 7 -8 9 -10
11 1 -2 3 -4 -5 -6 7 8 9 -10 -11
12 1 -2 3 -4 -5 -6 7 -8 9 -10 -11 -12
9 1 -2 3 -4 -5 -6 -7 8 9
9 1 -2 3 -4 -5 -6 -7 8 -9
10 1 -2 3 -4 -5 -6 -7 -8 -9 10
10 1 -2 3 -4 -5 -6 -7 -8 9 10
10 1 -2 3 -4 -5 -6 -7 -8 9 -10
10 1 -2 -3 4 5 6 7 8 9 10
12 1 -2 -3 4 5 6 7 8 -9 10 -11 12
12 1 -2 -3 4 5 6 7 -8 -9 10 -11 12
11 1 -2 -3 4 5 6 -7 8 9 10 11
11 1 -2 -3 4 5 6 -7 8 9 10 11
11 1 -2 -3 4 5 6 -7 -8 9 10 11
10 1 -2 -3 4 5 -6 7 8 9 10
11 1 -2 -3 4 5 -6 7 -8 9 -10 11
11 1 -2 -3 4 5 -6 -7 8 9 10 11
11 1 -2 -3 4 5 -6 -7 8 9 10 11
11 1 -2 -3 4 5 -6 -7 -8 9 10 11
11 1 -2 -3 4 5 6 7 8 -9 10 11
12 1 -2 -3 4 5 6 7 -8 -9 -10 11 12
11 1 -2 -3 4 5 6 7 8 -9 -10 11
12 1 -2 -3 4 5 6 7 -8 -9 -10 -11 12
11 1 -2 -3 4 5 6 -7 8 9 -10 11
11 1 -2 -3 4 5 6 -7 8 -9 10 11
11 1 -2 -3 4 5 6 -7 8 9 -10 -11
11 1 -2 -3 4 5 6 -7 8 -9 -10 11
11 1 -2 -3 4 5 -6 7 8 -9 10 11
11 1 -2 -3 4 5 -6 7 8 -9 -10 11
11 1 -2 -3 4 5 -6 -7 8 9 -10 11
11 1 -2 -3 4 5 -6 -7 8 -9 10 11
11 1 -2 -3 4 5 -6 -7 8 9 -10 -11
11 1 -2 -3 4 5 -6 -7 8 -9 -10 11
10 1 -2 -3 4 -5 6 7 8 9 10
10 1 -2 -3 4 -5 6 7 8 9 10
10 1 -2 -3 4 -5 6 7 8 -9 10
11 1 -2 -3 4 -5 6 7 -8 9 10 11
11 1 -2 -3 4 -5 6 -7 -8 9 10 11
11 1 -2 -3 4 -5 6 -7 -8 9 10 11
12 1 -2 -3 4 -5 6 -7 -8 9 -10 11 12
12 1 -2 -3 4 -5 6 -7 -8 9 -10 -11 12
10 1 -2 -3 4 -5 6 7 8 -9 -10
10 1 -2 -3 4 -5 6 -7 8 -9 -10
11 1 -2 -3 4 -5 -6 7 8 9 10 11
11 1 -2 -3 4 -5 -6 7 8 9 10 11
11 1 -2 -3 4 -5 -6 7 8 9 -10 11
11 1 -2 -3 4 -5 -6 7 -8 9 10 11
10 1 -2 -3 4 -5 -6 7 8 -9 -10
9 1 -2 -3 4 -5 -6 -7 8 -9
9 1 -2 -3 4 -5 -6 -7 8 9
11 1 -2 -3 4 -5 -6 -7 -8 -9 10 11
11 1 -2 -3 4 -5 -6 -7 -8 9 10 11
11 1 -2 -3 4 -5 -6 -7 -8 -9 -10 11
10 1 -2 -3 -4 5 6 7 8 -9 10
10 1 -2 -3 -4 5 6 7 8 9 10
10 1 -2 -3 -4 5 6 7 -8 -9 10
10 1 -2 -3 -4 5 6 7 -8 9 10
10 1 -2 -3 -4 5 6 -7 8 9 10
10 1 -2 -3 -4 5 6 -7 -8 9 10
9 1 -2 -3 -4 5 -6 7 -8 9
9 1 -2 -3 -4 5 -6 7 8 9
9 1 -2 -3 -4 5 -6 -7 8 9
9 1 -2 -3 -4 -5 6 7 8 9
9 1 -2 -3 -4 -5 6 7 8 9
9 1 -2 -3 -4 -5 6 7 8 -9
9 1 -2 -3 -4 -5 6 -7 8 9
9 1 -2 -3 -4 -5 6 -7 8 -9
11 1 -2 -3 -4 -5 6 7 8 9 -10 -11
12 1 -2 -3 -4 -5 6 7 -8 9 -10 -11 -12
11 1 -2 -3 -4 -5 6 -7 8 9 -10 -11
12 1 -2 -3 -4 -5 6 -7 -8 9 -10 -11 -12
10 1 -2 -3 -4 -5 -6 7 8 9 10
10 1 -2 -3 -4 -5 -6 7 8 9 10
10 1 -2 -3 -4 -5 -6 7 8 9 -10
10 1 -2 -3 -4 -5 -6 7 -8 9 10
10 1 -2 -3 -4 -5 -6 7 -8 9 -10
11 1 -2 -3 -4 -5 -6 7 8 9 -10 -11
12 1 -2 -3 -4 -5 -6 7 -8 9 -10 -11 -12
9 1 -2 -3 -4 -5 -6 -7 8 9
9 1 -2 -3 -4 -5 -6 -7 8 -9
10 1 -2 -3 -4 -5 -6 -7 -8 -9 10
10 1 -2 -3 -4 -5 -6 -7 -8 9 10
10 1 -2 -3 -4 -5 -6 -7 -8 9 -10
11 -1 2 3 4 5 6 7 8 9 10 11
12 -1 2 3 4 5 6 7 8 -9 -10 11 12
11 -1 2 3 4 5 6 7 8 9 -10 11
12 -1 2 3 4 5 6 7 8 -9 -10 -11 12
11 -1 2 3 4 5 6 7 -8 9 10 11
11 -1 2 3 4 5 6 7 -8 9 -10 11
11 -1 2 3 4 5 6 -7 8 9 10 11
12 -1 2 3 4 5 6 -7 8 -9 -10 11 12
11 -1 2 3 4 5 6 -7 -8 9 10 11
11 -1 2 3 4 5 6 -7 8 9 -10 11
12 -1 2 3 4 5 6 -7 8 -9 -10 -11 12
11 -1 2 3 4 5 6 -7 -8 9 -10 11
9 -1 2 3 4 5 -6 7 8 9
9 -1 2 3 4 5 -6 7 8 9
9 -1 2 3 4 5 -6 7 8 9
10 -1 2 3 4 5 -6 -7 8 9 10
10 -1 2 3 4 5 -6 -7 8 -9 10
10 -1 2 3 4 5 -6 -7 -8 9 10
10 -1 2 3 4 5 -6 -7 -8 9 10
10 -1 2 3 4 -5 -6 7 -8 9 10
9 -1 2 3 4 -5 -6 -7 -8 9
10 -1 2 -3 4 5 -6 7 -8 9 10
9 -1 2 -3 4 5 6 7 -8 9
9 -1 2 -3 4 5 -6 7 -8 9
12 -1 2 -3 4 -5 6 -7 -8 9 10 11 12
12 -1 2 -3 4 -5 6 -7 -8 9 10 -11 12
12 -1 2 -3 4 -5 6 -7 -8 9 -10 11 12
12 -1 2 -3 4 -5 6 -7 -8 9 -10 -11 12
9 -1 2 -3 4 -5 -6 -7 -8 9
10 -1 -2 3 4 5 6 7 8 9 10
11 -1 -2 3 4 5 6 7 -8 9 10 11
12 -1 -2 3 4 5 6 7 -8 9 -10 11 12
10 -1 -2 3 4 5 6 -7 8 9 10
11 -1 -2 3 4 5 6 -7 -8 9 10 11
12 -1 -2 3 4 5 6 -7 -8 9 -10 11 12
11 -1 -2 3 4 5 6 7 8 9 -10 11
11 -1 -2 3 4 5 6 7 8 -9 -10 11
12 -1 -2 3 4 5 6 7 -8 9 -10 -11 12
11 -1 -2 3 4 5 6 -7 8 9 -10 11
11 -1 -2 3 4 5 6 -7 8 -9 -10 11
12 -1 -2 3 4 5 6 -7 -8 9 -10 -11 12
10 -1 -2 3 4 5 -6 7 8 9 10
11 -1 -2 3 4 5 -6 7 -8 9 10 11
12 -1 -2 3 4 5 -6 7 -8 9 -10 11 12
10 -1 -2 3 4 5 -6 -7 8 9 10
11 -1 -2 3 4 5 -6 -7 -8 9 10 11
12 -1 -2 3 4 5 -6 -7 -8 9 -10 11 12
11 -1 -2 3 4 5 -6 7 8 9 -10 11
11 -1 -2 3 4 5 -6 7 -8 9 -10 11
11 -1 -2 3 4 5 -6 7 8 -9 -10 11
12 -1 -2 3 4 5 -6 7 -8 9 -10 -11 12
11 -1 -2 3 4 5 -6 -7 8 9 -10 11
11 -1 -2 3 4 5 -6 -7 8 -9 -10 11
12 -1 -2 3 4 5 -6 -7 -8 9 -10 -11 12
10 -1 -2 3 4 -5 6 7 8 9 10
10 -1 -2 3 4 -5 6 7 8 9 10
10 -1 -2 3 4 -5 6 7 8 -9 10
10 -1 -2 3 4 -5 6 -7 8 9 10
11 -1 -2 3 4 -5 -6 7 8 9 10 11
11 -1 -2 3 4 -5 -6 7 8 9 10 11
11 -1 -2 3 4 -5 -6 7 -8 9 10 11
10 -1 -2 3 4 -5 -6 -7 -8 9 10
10 -1 -2 3 4 -5 -6 -7 8 9 10
10 -1 -2 3 4 -5 -6 -7 8 9 10
11 -1 -2 3 4 -5 -6 7 8 9 -10 11
10 -1 -2 3 4 -5 -6 -7 -8 -9 10
10 -1 -2 3 4 -5 -6 -7 8 -9 10
10 -1 -2 3 -4 5 6 7 8 9 10
10 -1 -2 3 -4 5 6 7 8 9 10
10 -1 -2 3 -4 5 6 7 -8 9 10
10 -1 -2 3 -4 5 6 -7 8 9 10
10 -1 -2 3 -4 5 6 -7 8 9 10
10 -1 -2 3 -4 5 6 -7 -8 9 10
9 -1 -2 3 -4 5 -6 7 -8 9
9 -1 -2 3 -4 5 -6 7 8 9
9 -1 -2 3 -4 5 -6 7 8 9
11 -1 -2 3 -4 5 -6 -7 8 9 10 11
11 -1 -2 3 -4 5 -6 -7 8 9 10 11
11 -1 -2 3 -4 5 -6 -7 8 -9 10 11
11 -1 -2 3 -4 5 -6 -7 8 -9 10 11
11 -1 -2 3 -4 5 -6 -7 -8 9 10 11
11 -1 -2 3 -4 5 -6 -7 -8 9 10 11
11 -1 -2 3 -4 5 -6 -7 -8 -9 10 11
11 -1 -2 3 -4 5 -6 -7 -8 -9 10 11
9 -1 -2 3 -4 -5 6 7 8 9
9 -1 -2 3 -4 -5 6 7 8 9
9 -1 -2 3 -4 -5 6 7 8 -9
9 -1 -2 3 -4 -5 6 -7 8 9
9 -1 -2 3 -4 -5 6 -7 8 -9
10 -1 -2 3 -4 -5 -6 7 8 9 10
10 -1 -2 3 -4 -5 -6 7 8 9 10
10 -1 -2 3 -4 -5 -6 7 8 9 -10
10 -1 -2 3 -4 -5 -6 7 -8 9 10
10 -1 -2 3 -4 -5 -6 7 -8 9 -10
9 -1 -2 3 -4 -5 -6 -7 -8 9
9 -1 -2 3 -4 -5 -6 -7 8 9
9 -1 -2 3 -4 -5 -6 -7 8 9
9 -1 -2 3 -4 -5 -6 -7 8 -9
9 -1 -2 -3 4 5 6 7 8 9
9 -1 -2 -3 4 5 6 7 -8 9
11 -1 -2 -3 4 5 -6 7 8 9 10 11
10 -1 -2 -3 4 5 -6 7 -8 9 10
10 -1 -2 -3 4 5 -6 -7 8 9 10
9 -1 -2 -3 4 5 -6 7 -8 9
10 -1 -2 -3 4 -5 6 7 8 9 10
10 -1 -2 -3 4 -5 6 7 8 9 10
10 -1 -2 -3 4 -5 6 7 8 -9 10
11 -1 -2 -3 4 -5 6 7 -8 9 10 11
11 -1 -2 -3 4 -5 6 -7 -8 9 10 11
11 -1 -2 -3 4 -5 6 -7 -8 9 10 11
12 -1 -2 -3 4 -5 6 -7 -8 9 -10 11 12
12 -1 -2 -3 4 -5 6 -7 -8 9 -10 -11 12
11 -1 -2 -3 4 -5 -6 7 8 9 10 11
11 -1 -2 -3 4 -5 -6 7 8 9 10 11
11 -1 -2 -3 4 -5 -6 7 -8 9 10 11
10 -1 -2 -3 4 -5 -6 -7 -8 9 10
10 -1 -2 -3 4 -5 -6 -7 8 9 10
10 -1 -2 -3 4 -5 -6 -7 8 9 10
11 -1 -2 -3 4 -5 -6 7 8 9 -10 11
10 -1 -2 -3 4 -5 -6 -7 -8 -9 10
10 -1 -2 -3 4 -5 -6 -7 8 -9 10
10 -1 -2 -3 -4 5 6 7 8 9 10
10 -1 -2 -3 -4 5 6 7 8 9 10
10 -1 -2 -3 -4 5 6 7 -8 9 10
9 -1 -2 -3 -4 5 6 -7 8 9
9 -1 -2 -3 -4 5 -6 7 8 9
9 -1 -2 -3 -4 5 -6 7 -8 9
9 -1 -2 -3 -4 5 -6 7 8 9
9 -1 -2 -3 -4 5 -6 -7 8 9
9 -1 -2 -3 -4 -5 6 7 8 9
9 -1 -2 -3 -4 -5 6 7 8 9
9 -1 -2 -3 -4 -5 6 7 8 -9
9 -1 -2 -3 -4 -5 6 -7 8 9
9 -1 -2 -3 -4 -5 6 -7 8 -9
10 -1 -2 -3 -4 -5 -6 7 8 9 10
10 -1 -2 -3 -4 -5 -6 7 8 9 10
10 -1 -2 -3 -4 -5 -6 7 8 9 -10
10 -1 -2 -3 -4 -5 -6 7 -8 9 10
10 -1 -2 -3 -4 -5 -6 7 -8 9 -10
9 -1 -2 -3 -4 -5 -6 -7 -8 9
9 -1 -2 -3 -4 -5 -6 -7 8 9
9 -1 -2 -3 -4 -5 -6 -7 8 9
9 -1 -2 -3 -4 -5 -6 -7 8 -9
10 1 2 3 4 5 6 7 8 9 -10
11 1 2 3 4 5 6 7 -8 9 -10 -11
11 1 2 3 4 5 6 7 8 9 -10 -11
10 1 2 3 4 5 6 7 -8 9 -10
10 1 2 3 4 5 6 7 -8 -9 -10
12 1 2 3 4 5 6 -7 8 -9 10 11 -12
11 1 2 3 4 5 6 -7 -8 9 10 -11
12 1 2 3 4 5 6 -7 8 -9 10 -11 -12
11 1 2 3 4 5 6 -7 -8 9 -10 -11
12 1 2 3 4 5 6 -7 8 -9 -10 11 -12
11 1 2 3 4 5 6 -7 -8 -9 10 -11
12 1 2 3 4 5 6 -7 8 -9 -10 -11 -12
11 1 2 3 4 5 6 -7 -8 -9 -10 -11
10 1 2 3 4 5 -6 7 8 9 -10
11 1 2 3 4 5 -6 7 8 9 -10 -11
12 1 2 3 4 5 -6 7 -8 -9 10 -11 -12
10 1 2 3 4 5 -6 7 -8 9 -10
10 1 2 3 4 5 -6 7 -8 -9 -10
12 1 2 3 4 5 -6 -7 8 -9 10 11 -12
12 1 2 3 4 5 -6 -7 8 -9 10 -11 -12
11 1 2 3 4 5 -6 -7 -8 9 10 -11
12 1 2 3 4 5 -6 -7 8 -9 -10 11 -12
11 1 2 3 4 5 -6 -7 -8 -9 10 -11
12 1 2 3 4 5 -6 -7 8 -9 -10 -11 -12
11 1 2 3 4 5 -6 -7 -8 -9 -10 -11
10 1 2 3 4 -5 6 7 8 9 -10
10 1 2 3 4 -5 6 -7 8 9 -10
11 1 2 3 4 -5 -6 7 8 9 10 -11
11 1 2 3 4 -5 -6 7 -8 9 10 -11
10 1 2 3 4 -5 -6 -7 8 9 -10
12 1 2 3 4 -5 -6 -7 -8 -9 10 -11 -12
11 1 2 3 4 -5 -6 -7 -8 -9 -10 -11
11 1 2 3 4 -5 -6 -7 -8 -9 10 -11
9 1 2 3 -4 5 6 7 8 9
9 1 2 3 -4 5 6 -7 8 9
9 1 2 3 -4 5 -6 7 -8 9
9 1 2 3 -4 5 -6 7 8 9
9 1 2 3 -4 5 -6 -7 8 9
7 1 2 3 -4 5 6 -7
9 1 2 3 -4 -5 6 7 8 9
9 1 2 3 -4 -5 6 -7 8 9
9 1 2 3 -4 -5 -6 7 8 9
10 1 2 3 -4 -5 -6 -7 8 9 10
9 1 2 3 -4 -5 -6 -7 -8 -9
9 1 2 3 -4 -5 -6 -7 -8 9
10 1 2 -3 4 5 6 7 8 9 -10
10 1 2 -3 4 5 6 7 8 -9 -10
10 1 2 -3 4 5 6 7 -8 9 -10
10 1 2 -3 4 5 6 7 -8 -9 -10
12 1 2 -3 4 5 6 -7 8 -9 10 11 -12
11 1 2 -3 4 5 6 -7 -8 9 10 -11
12 1 2 -3 4 5 6 -7 8 -9 10 -11 -12
11 1 2 -3 4 5 6 -7 -8 9 -10 -11
12 1 2 -3 4 5 6 -7 8 -9 -10 11 -12
11 1 2 -3 4 5 6 -7 -8 -9 10 -11
12 1 2 -3 4 5 6 -7 8 -9 -10 -11 -12
11 1 2 -3 4 5 6 -7 -8 -9 -10 -11
10 1 2 -3 4 5 -6 7 8 9 -10
10 1 2 -3 4 5 -6 7 8 -9 -10
10 1 2 -3 4 5 -6 7 -8 9 -10
10 1 2 -3 4 5 -6 7 -8 -9 -10
12 1 2 -3 4 5 -6 -7 8 -9 10 11 -12
11 1 2 -3 4 5 -6 -7 -8 9 10 -11
12 1 2 -3 4 5 -6 -7 8 -9 10 -11 -12
11 1 2 -3 4 5 -6 -7 -8 9 -10 -11
12 1 2 -3 4 5 -6 -7 8 -9 -10 11 -12
11 1 2 -3 4 5 -6 -7 -8 -9 10 -11
12 1 2 -3 4 5 -6 -7 8 -9 -10 -11 -12
11 1 2 -3 4 5 -6 -7 -8 -9 -10 -11
12 1 2 -3 4 -5 6 -7 -8 9 10 11 -12
12 1 2 -3 4 -5 6 -7 -8 9 -10 11 -12
11 1 2 -3 4 -5 -6 -7 -8 -9 10 -11
11 1 2 -3 4 -5 -6 -7 -8 9 10 -11
11 1 2 -3 4 -5 -6 -7 -8 -9 -10 -11
11 1 2 -3 4 -5 -6 -7 -8 -9 10 -11
10 1 2 -3 -4 5 6 7 8 -9 10
10 1 2 -3 -4 5 6 7 -8 -9 10
9 1 2 -3 -4 5 -6 7 -8 9
7 1 2 -3 -4 5 6 -7
10 1 2 -3 -4 5 6 7 -8 -9 -10
9 1 2 -3 -4 -5 -6 -7 -8 -9
9 1 2 -3 -4 -5 -6 -7 -8 9
10 1 -2 3 4 5 6 7 8 9 -10
10 1 -2 3 4 5 6 7 8 -9 -10
10 1 -2 3 4 5 6 7 -8 9 -10
10 1 -2 3 4 5 6 7 -8 -9 -10
12 1 -2 3 4 5 6 -7 8 -9 10 11 -12
11 1 -2 3 4 5 6 -7 -8 9 10 -11
12 1 -2 3 4 5 6 -7 8 -9 10 -11 -12
11 1 -2 3 4 5 6 -7 -8 9 -10 -11
12 1 -2 3 4 5 6 -7 8 -9 -10 11 -12
11 1 -2 3 4 5 6 -7 -8 -9 10 -11
12 1 -2 3 4 5 6 -7 8 -9 -10 -11 -12
11 1 -2 3 4 5 6 -7 -8 -9 -10 -11
10 1 -2 3 4 5 -6 7 8 9 -10
10 1 -2 3 4 5 -6 7 8 -9 -10
10 1 -2 3 4 5 -6 7 -8 9 -10
10 1 -2 3 4 5 -6 7 -8 -9 -10
12 1 -2 3 4 5 -6 -7 8 -9 10 11 -12
11 1 -2 3 4 5 -6 -7 -8 9 10 -11
12 1 -2 3 4 5 -6 -7 8 -9 10 -11 -12
11 1 -2 3 4 5 -6 -7 -8 9 -10 -11
12 1 -2 3 4 5 -6 -7 8 -9 -10 11 -12
11 1 -2 3 4 5 -6 -7 -8 -9 10 -11
12 1 -2 3 4 5 -6 -7 8 -9 -10 -11 -12
11 1 -2 3 4 5 -6 -7 -8 -9 -10 -11
12 1 -2 3 4 -5 6 7 8 9 10 11 -12
12 1 -2 3 4 -5 6 7 -8 9 10 11 -12
12 1 -2 3 4 -5 6 -7 8 9 10 11 -12
12 1 -2 3 4 -5 6 -7 -8 9 10 11 -12
11 1 -2 3 4 -5 6 7 -8 9 10 -11
11 1 -2 3 4 -5 6 -7 -8 9 10 -11
12 1 -2 3 4 -5 -6 7 8 9 10 11 -12
12 1 -2 3 4 -5 -6 7 -8 9 10 11 -12
12 1 -2 3 4 -5 -6 7 8 -9 10 11 -12
12 1 -2 3 4 -5 -6 7 -8 -9 10 11 -12
12 1 -2 3 4 -5 -6 -7 8 9 10 11 -12
11 1 -2 3 4 -5 -6 -7 -8 9 10 -11
11 1 -2 3 4 -5 -6 -7 -8 -9 10 -11
11 1 -2 3 4 -5 -6 -7 -8 9 10 -11
11 1 -2 3 4 -5 -6 -7 -8 -9 -10 -11
8 1 -2 3 -4 5 6 7 -8
8 1 -2 3 -4 5 6 -7 -8
8 1 -2 3 -4 5 -6 7 -8
10 1 -2 3 -4 5 -6 -7 8 9 -10
10 1 -2 3 -4 5 -6 -7 8 -9 -10
10 1 -2 3 -4 5 -6 -7 -8 9 -10
10 1 -2 3 -4 5 -6 -7 -8 -9 -10
12 1 -2 3 -4 -5 6 7 -8 9 -10 11 12
12 1 -2 3 -4 -5 6 -7 -8 9 -10 11 12
10 1 -2 3 -4 -5 6 7 -8 -9 10
10 1 -2 3 -4 -5 6 -7 -8 -9 10
12 1 -2 3 -4 -5 -6 7 -8 9 -10 11 12
11 1 -2 3 -4 -5 -6 7 8 -9 -10 11
11 1 -2 3 -4 -5 -6 7 -8 -9 -10 11
11 1 -2 3 -4 -5 -6 -7 -8 9 -10 11
10 1 -2 3 -4 -5 -6 -7 -8 -9 -10
10 1 -2 3 -4 -5 -6 -7 -8 -9 10
10 1 -2 -3 4 5 6 7 8 9 -10
10 1 -2 -3 4 5 6 7 8 -9 -10
10 1 -2 -3 4 5 6 7 -8 9 -10
10 1 -2 -3 4 5 6 7 -8 -9 -10
12 1 -2 -3 4 5 6 -7 8 -9 10 11 -12
11 1 -2 -3 4 5 6 -7 -8 9 10 -11
12 1 -2 -3 4 5 6 -7 8 -9 10 -11 -12
11 1 -2 -3 4 5 6 -7 -8 9 -10 -11
12 1 -2 -3 4 5 6 -7 8 -9 -10 11 -12
11 1 -2 -3 4 5 6 -7 -8 -9 10 -11
12 1 -2 -3 4 5 6 -7 8 -9 -10 -11 -12
11 1 -2 -3 4 5 6 -7 -8 -9 -10 -11
10 1 -2 -3 4 5 -6 7 8 9 -10
10 1 -2 -3 4 5 -6 7 8 -9 -10
10 1 -2 -3 4 5 -6 7 -8 9 -10
10 1 -2 -3 4 5 -6 7 -8 -9 -10
12 1 -2 -3 4 5 -6 -7 8 -9 10 11 -12
11 1 -2 -3 4 5 -6 -7 -8 9 10 -11
12 1 -2 -3 4 5 -6 -7 8 -9 10 -11 -12
11 1 -2 -3 4 5 -6 -7 -8 9 -10 -11
12 1 -2 -3 4 5 -6 -7 8 -9 -10 11 -12
11 1 -2 -3 4 5 -6 -7 -8 -9 10 -11
12 1 -2 -3 4 5 -6 -7 8 -9 -10 -11 -12
11 1 -2 -3 4 5 -6 -7 -8 -9 -10 -11
12 1 -2 -3 4 -5 6 7 8 9 10 11 -12
12 1 -2 -3 4 -5 6 7 -8 9 10 11 -12
12 1 -2 -3 4 -5 6 -7 8 9 10 11 -12
11 1 -2 -3 4 -5 6 -7 -8 9 10 -11
11 1 -2 -3 4 -5 6 7 -8 9 10 -11
12 1 -2 -3 4 -5 6 7 -8 -9 10 11 -12
12 1 -2 -3 4 -5 6 -7 -8 -9 10 11 -12
12 1 -2 -3 4 -5 -6 7 8 9 10 11 -12
12 1 -2 -3 4 -5 -6 7 -8 9 10 11 -12
12 1 -2 -3 4 -5 -6 7 8 -9 10 11 -12
12 1 -2 -3 4 -5 -6 7 -8 -9 10 11 -12
12 1 -2 -3 4 -5 -6 -7 8 9 10 11 -12
11 1 -2 -3 4 -5 -6 -7 -8 9 10 -11
11 1 -2 -3 4 -5 -6 -7 -8 -9 10 -11
11 1 -2 -3 4 -5 -6 -7 -8 9 10 -11
11 1 -2 -3 4 -5 -6 -7 -8 -9 -10 -11
8 1 -2 -3 -4 5 6 7 -8
8 1 -2 -3 -4 5 6 -7 -8
8 1 -2 -3 -4 5 -6 7 -8
8 1 -2 -3 -4 5 -6 -7 -8
12 1 -2 -3 -4 -5 6 7 -8 9 -10 11 12
12 1 -2 -3 -4 -5 6 -7 -8 9 -10 11 12
10 1 -2 -3 -4 -5 6 7 -8 -9 10
10 1 -2 -3 -4 -5 6 -7 -8 -9 10
12 1 -2 -3 -4 -5 -6 7 -8 9 -10 11 12
11 1 -2 -3 -4 -5 -6 7 8 -9 -10 11
11 1 -2 -3 -4 -5 -6 7 -8 -9 -10 11
11 1 -2 -3 -4 -5 -6 -7 -8 9 -10 11
10 1 -2 -3 -4 -5 -6 -7 -8 -9 -10
10 1 -2 -3 -4 -5 -6 -7 -8 -9 10
9 -1 2 3 4 5 6 -7 8 -9
9 -1 2 3 4 5 6 7 8 -9
9 -1 2 3 4 5 6 -7 8 -9
9 -1 2 3 4 5 6 7 8 -9
9 -1 2 3 4 5 6 -7 -8 -9
9 -1 2 3 4 5 6 7 -8 -9
9 -1 2 3 4 5 6 -7 -8 -9
9 -1 2 3 4 5 6 7 -8 -9
10 -1 2 3 4 5 -6 7 8 9 -10
10 -1 2 3 4 5 -6 7 -8 9 -10
11 -1 2 3 4 5 -6 7 8 -9 10 -11
11 -1 2 3 4 5 -6 7 -8 -9 10 -11
11 -1 2 3 4 5 -6 7 8 -9 -10 -11
11 -1 2 3 4 5 -6 7 -8 -9 -10 -11
10 -1 2 3 4 5 -6 -7 8 9 -10
10 -1 2 3 4 5 -6 -7 8 -9 -10
10 -1 2 3 4 5 -6 -7 8 -9 -10
10 -1 2 3 4 5 -6 -7 -8 -9 -10
9 -1 2 3 4 -5 -6 -7 -8 -9
7 -1 2 3 -4 5 6 7
7 -1 2 3 -4 5 6 7
7 -1 2 3 -4 5 6 -7
7 -1 2 3 -4 5 6 -7
7 -1 2 3 -4 5 6 7
8 -1 2 3 -4 5 6 -7 8
8 -1 2 3 -4 5 -6 7 8
8 -1 2 3 -4 5 -6 7 -8
8 -1 2 3 -4 5 -6 7 -8
9 -1 2 3 -4 5 6 -7 -8 9
9 -1 2 3 -4 5 -6 -7 8 -9
9 -1 2 3 -4 5 -6 -7 8 9
9 -1 2 3 -4 5 6 -7 -8 -9
9 -1 2 3 -4 5 -6 -7 -8 -9
8 -1 2 3 -4 -5 6 7 8
8 -1 2 3 -4 -5 6 -7 8
9 -1 2 3 -4 -5 -6 7 8 9
9 -1 2 3 -4 -5 -6 -7 8 9
10 -1 2 3 -4 -5 -6 7 -8 -9 10
8 -1 2 3 -4 -5 -6 -7 -8
7 -1 2 -3 4 5 6 -7
7 -1 2 -3 4 5 -6 -7
12 -1 2 -3 4 -5 6 -7 -8 9 10 11 -12
12 -1 2 -3 4 -5 6 -7 -8 9 10 -11 -12
12 -1 2 -3 4 -5 6 -7 -8 9 -10 11 -12
12 -1 2 -3 4 -5 6 -7 -8 9 -10 -11 -12
9 -1 2 -3 4 -5 -6 -7 -8 -9
7 -1 2 -3 -4 5 6 -7
7 -1 2 -3 -4 5 6 -7
7 -1 2 -3 -4 5 6 -7
7 -1 2 -3 -4 5 6 -7
7 -1 2 -3 -4 5 -6 -7
7 -1 2 -3 -4 5 -6 -7
7 -1 2 -3 -4 5 -6 -7
7 -1 2 -3 -4 5 -6 -7
11 -1 2 -3 -4 -5 6 7 8 -9 10 11
10 -1 2 -3 -4 -5 6 7 -8 9 10
11 -1 2 -3 -4 -5 6 7 8 -9 -10 11
10 -1 2 -3 -4 -5 6 7 -8 -9 10
9 -1 2 -3 -4 -5 6 -7 8 9
9 -1 2 -3 -4 -5 6 -7 -8 9
11 -1 2 -3 -4 -5 -6 7 8 -9 10 11
10 -1 2 -3 -4 -5 -6 7 -8 9 10
9 -1 2 -3 -4 -5 -6 -7 -8 9
9 -1 2 -3 -4 -5 -6 -7 8 9
11 -1 2 -3 -4 -5 -6 7 8 -9 -10 11
10 -1 2 -3 -4 -5 -6 7 -8 -9 10
9 -1 2 -3 -4 -5 -6 -7 -8 -9
9 -1 2 -3 -4 -5 -6 -7 -8 9
9 -1 -2 3 4 5 6 -7 8 -9
9 -1 -2 3 4 5 6 7 8 -9
9 -1 -2 3 4 5 6 -7 8 -9
9 -1 -2 3 4 5 6 7 8 -9
9 -1 -2 3 4 5 6 -7 -8 -9
9 -1 -2 3 4 5 6 7 -8 -9
9 -1 -2 3 4 5 6 -7 -8 -9
9 -1 -2 3 4 5 6 7 -8 -9
9 -1 -2 3 4 5 -6 -7 8 -9
9 -1 -2 3 4 5 -6 7 8 -9
9 -1 -2 3 4 5 -6 -7 8 -9
9 -1 -2 3 4 5 -6 7 8 -9
9 -1 -2 3 4 5 -6 -7 -8 -9
9 -1 -2 3 4 5 -6 7 -8 -9
9 -1 -2 3 4 5 -6 -7 -8 -9
9 -1 -2 3 4 5 -6 7 -8 -9
11 -1 -2 3 4 -5 6 7 8 9 10 -11
11 -1 -2 3 4 -5 6 7 -8 9 10 -11
10 -1 -2 3 4 -5 6 -7 8 9 -10
12 -1 -2 3 4 -5 -6 7 8 9 10 11 -12
12 -1 -2 3 4 -5 -6 7 8 -9 10 11 -12
11 -1 -2 3 4 -5 -6 7 -8 9 10 -11
12 -1 -2 3 4 -5 -6 -7 8 9 10 11 -12
10 -1 -2 3 4 -5 -6 -7 -8 9 -10
11 -1 -2 3 4 -5 -6 -7 -8 -9 10 -11
11 -1 -2 3 4 -5 -6 -7 -8 9 10 -11
11 -1 -2 3 4 -5 -6 -7 -8 -9 -10 -11
8 -1 -2 3 -4 5 6 7 -8
8 -1 -2 3 -4 5 6 -7 -8
8 -1 -2 3 -4 5 -6 7 -8
9 -1 -2 3 -4 5 -6 -7 8 -9
9 -1 -2 3 -4 5 -6 -7 -8 -9
10 -1 -2 3 -4 -5 6 7 -8 -9 10
9 -1 -2 3 -4 -5 6 -7 -8 9
11 -1 -2 3 -4 -5 -6 7 8 -9 -10 11
10 -1 -2 3 -4 -5 -6 7 -8 -9 10
10 -1 -2 3 -4 -5 -6 -7 -8 9 -10
10 -1 -2 3 -4 -5 -6 -7 -8 -9 -10
10 -1 -2 3 -4 -5 -6 -7 -8 -9 10
7 -1 -2 -3 4 5 6 -7
7 -1 -2 -3 4 5 -6 -7
11 -1 -2 -3 4 -5 6 7 8 9 10 -11
11 -1 -2 -3 4 -5 6 7 -8 9 10 -11
11 -1 -2 -3 4 -5 6 7 -8 9 10 -11
11 -1 -2 -3 4 -5 6 -7 -8 9 10 -11
11 -1 -2 -3 4 -5 6 -7 -8 9 10 -11
12 -1 -2 -3 4 -5 6 -7 -8 9 -10 11 -12
12 -1 -2 -3 4 -5 6 -7 -8 9 -10 -11 -12
12 -1 -2 -3 4 -5 -6 7 8 9 10 11 -12
12 -1 -2 -3 4 -5 -6 7 8 -9 10 11 -12
11 -1 -2 -3 4 -5 -6 7 -8 9 10 -11
12 -1 -2 -3 4 -5 -6 -7 8 9 10 11 -12
10 -1 -2 -3 4 -5 -6 -7 -8 9 -10
11 -1 -2 -3 4 -5 -6 -7 -8 -9 10 -11
11 -1 -2 -3 4 -5 -6 -7 -8 9 10 -11
11 -1 -2 -3 4 -5 -6 -7 -8 -9 -10 -11
8 -1 -2 -3 -4 5 6 7 -8
8 -1 -2 -3 -4 5 6 -7 -8
8 -1 -2 -3 -4 5 -6 7 -8
8 -1 -2 -3 -4 5 -6 -7 -8
10 -1 -2 -3 -4 -5 6 7 -8 -9 10
9 -1 -2 -3 -4 -5 6 -7 -8 9
10 -1 -2 -3 -4 -5 -6 7 -8 -9 10
9 -1 -2 -3 -4 -5 -6 -7 -8 -9
9 -1 -2 -3 -4 -5 -6 -7 -8 9
10 1 2 3 4 5 6 7 8 -9 -10
12 1 2 3 4 5 6 -7 8 -9 10 -11 -12
11 1 2 3 4 5 6 -7 -8 9 -10 -11
11 1 2 3 4 5 -6 7 -8 9 10 -11
12 1 2 3 4 5 -6 7 8 9 10 -11 -12
11 1 2 3 4 5 -6 7 -8 9 -10 -11
11 1 2 3 4 5 -6 -7 -8 9 10 -11
12 1 2 3 4 5 -6 -7 8 -9 10 -11 -12
11 1 2 3 4 5 -6 -7 -8 9 -10 -11
12 1 2 3 4 5 6 7 8 -9 -10 -11 -12
11 1 2 3 4 5 6 7 -8 -9 10 -11
11 1 2 3 4 5 6 7 -8 -9 -10 -11
11 1 2 3 4 5 6 -7 -8 -9 10 -11
11 1 2 3 4 5 6 -7 -8 -9 -10 -11
11 1 2 3 4 5 -6 7 -8 -9 10 -11
11 1 2 3 4 5 -6 7 -8 -9 -10 -11
11 1 2 3 4 5 -6 -7 -8 -9 10 -11
11 1 2 3 4 5 -6 -7 -8 -9 -10 -11
10 1 2 3 4 -5 6 7 8 9 -10
9 1 2 3 4 -5 6 7 -8 -9
10 1 2 3 4 -5 6 -7 8 9 -10
9 1 2 3 4 -5 6 -7 -8 -9
10 1 2 3 4 -5 -6 7 8 9 -10
9 1 2 3 4 -5 -6 7 -8 -9
11 1 2 3 4 -5 -6 -7 8 9 10 -11
11 1 2 3 4 -5 -6 -7 -8 9 10 -11
10 1 2 3 4 -5 -6 -7 8 -9 -10
10 1 2 3 4 -5 -6 -7 -8 -9 -10
7 1 2 3 -4 5 6 7
7 1 2 3 -4 5 6 -7
7 1 2 3 -4 5 6 7
7 1 2 3 -4 5 6 -7
7 1 2 3 -4 5 -6 -7
7 1 2 3 -4 5 -6 7
7 1 2 3 -4 5 -6 7
7 1 2 3 -4 -5 6 -7
7 1 2 3 -4 -5 6 7
7 1 2 3 -4 5 -6 -7
7 1 2 3 -4 -5 -6 -7
7 1 2 3 -4 -5 -6 7
12 1 2 -3 4 5 6 7 8 9 10 11 -12
12 1 2 -3 4 5 6 7 -8 9 10 11 -12
11 1 2 -3 4 5 6 7 8 9 -10 -11
12 1 2 -3 4 5 6 7 -8 9 10 -11 -12
12 1 2 -3 4 5 6 -7 8 -9 10 11 -12
11 1 2 -3 4 5 6 -7 -8 9 10 -11
12 1 2 -3 4 5 6 -7 8 -9 10 -11 -12
11 1 2 -3 4 5 6 -7 -8 9 -10 -11
11 1 2 -3 4 5 -6 7 8 9 10 -11
11 1 2 -3 4 5 -6 7 8 9 -10 -11
12 1 2 -3 4 5 -6 -7 8 -9 10 11 -12
11 1 2 -3 4 5 -6 -7 -8 9 10 -11
12 1 2 -3 4 5 -6 -7 8 -9 10 -11 -12
11 1 2 -3 4 5 -6 -7 -8 9 -10 -11
12 1 2 -3 4 5 6 7 8 -9 -10 -11 -12
12 1 2 -3 4 5 6 7 -8 9 -10 11 -12
12 1 2 -3 4 5 6 7 -8 9 -10 -11 -12
11 1 2 -3 4 5 6 -7 -8 -9 10 -11
11 1 2 -3 4 5 6 -7 -8 -9 -10 -11
11 1 2 -3 4 5 -6 7 -8 -9 10 -11
11 1 2 -3 4 5 -6 7 -8 -9 -10 -11
11 1 2 -3 4 5 -6 -7 -8 -9 10 -11
11 1 2 -3 4 5 -6 -7 -8 -9 -10 -11
10 1 2 -3 4 -5 6 7 8 9 -10
9 1 2 -3 4 -5 6 7 -8 -9
11 1 2 -3 4 -5 6 -7 8 9 10 -11
11 1 2 -3 4 -5 6 -7 8 -9 10 -11
9 1 2 -3 4 -5 6 -7 -8 -9
10 1 2 -3 4 -5 -6 7 8 9 -10
9 1 2 -3 4 -5 -6 7 -8 -9
11 1 2 -3 4 -5 -6 -7 8 9 10 -11
11 1 2 -3 4 -5 -6 -7 8 -9 10 -11
10 1 2 -3 4 -5 -6 -7 -8 9 -10
10 1 2 -3 4 -5 -6 -7 -8 -9 -10
7 1 2 -3 -4 5 6 7
7 1 2 -3 -4 5 6 -7
7 1 2 -3 -4 5 6 7
7 1 2 -3 -4 5 6 -7
7 1 2 -3 -4 5 -6 -7
7 1 2 -3 -4 5 -6 7
7 1 2 -3 -4 5 -6 7
7 1 2 -3 -4 -5 6 -7
7 1 2 -3 -4 -5 6 7
7 1 2 -3 -4 5 -6 -7
7 1 2 -3 -4 -5 -6 -7
7 1 2 -3 -4 -5 -6 7
10 1 -2 3 4 5 6 7 8 -9 -10
12 1 -2 3 4 5 6 -7 8 -9 10 -11 -12
11 1 -2 3 4 5 6 -7 -8 9 -10 -11
11 1 -2 3 4 5 -6 7 8 9 -10 -11
12 1 -2 3 4 5 -6 -7 8 -9 10 -11 -12
11 1 -2 3 4 5 -6 -7 -8 9 -10 -11
11 1 -2 3 4 5 6 7 -8 -9 10 -11
11 1 -2 3 4 5 6 7 -8 -9 -10 -11
11 1 -2 3 4 5 6 -7 -8 -9 10 -11
11 1 -2 3 4 5 6 -7 -8 -9 -10 -11
11 1 -2 3 4 5 -6 7 -8 -9 10 -11
11 1 -2 3 4 5 -6 7 -8 -9 -10 -11
11 1 -2 3 4 5 -6 -7 -8 -9 10 -11
11 1 -2 3 4 5 -6 -7 -8 -9 -10 -11
10 1 -2 3 4 -5 6 7 8 9 -10
10 1 -2 3 4 -5 6 -7 8 9 -10
10 1 -2 3 4 -5 6 7 8 -9 -10
10 1 -2 3 4 -5 6 7 -8 -9 -10
10 1 -2 3 4 -5 6 -7 8 -9 -10
10 1 -2 3 4 -5 6 -7 -8 -9 -10
10 1 -2 3 4 -5 -6 7 8 9 -10
10 1 -2 3 4 -5 -6 7 8 -9 -10
10 1 -2 3 4 -5 -6 7 -8 -9 -10
10 1 -2 3 4 -5 -6 -7 8 9 -10
10 1 -2 3 4 -5 -6 -7 8 -9 -10
10 1 -2 3 4 -5 -6 -7 -8 -9 -10
7 1 -2 3 -4 5 -6 -7
10 1 -2 3 -4 -5 6 7 8 -9 10
10 1 -2 3 -4 -5 6 -7 8 -9 10
10 1 -2 3 -4 -5 6 7 8 -9 -10
10 1 -2 3 -4 -5 6 7 -8 -9 -10
10 1 -2 3 -4 -5 6 -7 8 -9 -10
10 1 -2 3 -4 -5 6 -7 -8 -9 -10
10 1 -2 3 -4 -5 -6 7 8 -9 10
10 1 -2 3 -4 -5 -6 7 8 -9 -10
10 1 -2 3 -4 -5 -6 7 -8 -9 -10
11 1 -2 3 -4 -5 -6 -7 8 9 -10 11
12 1 -2 3 -4 -5 -6 -7 -8 9 -10 11 -12
10 1 -2 3 -4 -5 -6 -7 8 -9 -10
11 1 -2 3 -4 -5 -6 -7 -8 -9 -10 -11
12 1 -2 -3 4 5 6 7 8 9 10 -11 -12
12 1 -2 -3 4 5 6 7 -8 9 10 -11 -12
12 1 -2 -3 4 5 6 -7 8 -9 10 -11 -12
11 1 -2 -3 4 5 6 -7 -8 9 -10 -11
11 1 -2 -3 4 5 -6 7 8 9 -10 -11
12 1 -2 -3 4 5 -6 -7 8 -9 10 -11 -12
11 1 -2 -3 4 5 -6 -7 -8 9 -10 -11
12 1 -2 -3 4 5 6 7 -8 9 -10 11 -12
12 1 -2 -3 4 5 6 7 -8 9 -10 -11 -12
11 1 -2 -3 4 5 6 -7 -8 -9 10 -11
11 1 -2 -3 4 5 6 -7 -8 -9 -10 -11
11 1 -2 -3 4 5 -6 7 -8 -9 10 -11
11 1 -2 -3 4 5 -6 7 -8 -9 -10 -11
11 1 -2 -3 4 5 -6 -7 -8 -9 10 -11
11 1 -2 -3 4 5 -6 -7 -8 -9 -10 -11
10 1 -2 -3 4 -5 6 7 8 9 -10
11 1 -2 -3 4 -5 6 -7 8 9 10 -11
11 1 -2 -3 4 -5 6 -7 8 -9 10 -11
10 1 -2 -3 4 -5 6 7 8 -9 -10
10 1 -2 -3 4 -5 6 7 -8 -9 -10
10 1 -2 -3 4 -5 6 -7 8 -9 -10
10 1 -2 -3 4 -5 6 -7 -8 -9 -10
10 1 -2 -3 4 -5 -6 7 8 9 -10
10 1 -2 -3 4 -5 -6 7 8 -9 -10
10 1 -2 -3 4 -5 -6 7 -8 -9 -10
11 1 -2 -3 4 -5 -6 -7 8 9 10 -11
11 1 -2 -3 4 -5 -6 -7 8 -9 10 -11
10 1 -2 -3 4 -5 -6 -7 8 -9 -10
11 1 -2 -3 4 -5 -6 -7 -8 -9 10 -11
11 1 -2 -3 4 -5 -6 -7 -8 -9 -10 -11
8 1 -2 -3 -4 5 -6 -7 -8
8 1 -2 -3 -4 5 -6 -7 -8
8 1 -2 -3 -4 5 -6 7 -8
10 1 -2 -3 -4 -5 6 7 8 -9 10
10 1 -2 -3 -4 -5 6 -7 8 -9 10
10 1 -2 -3 -4 -5 6 7 8 -9 -10
10 1 -2 -3 -4 -5 6 7 -8 -9 -10
10 1 -2 -3 -4 -5 6 -7 8 -9 -10
10 1 -2 -3 -4 -5 6 -7 -8 -9 -10
10 1 -2 -3 -4 -5 -6 7 8 -9 10
10 1 -2 -3 -4 -5 -6 7 8 -9 -10
10 1 -2 -3 -4 -5 -6 7 -8 -9 -10
11 1 -2 -3 -4 -5 -6 -7 8 9 -10 11
12 1 -2 -3 -4 -5 -6 -7 -8 9 -10 11 -12
10 1 -2 -3 -4 -5 -6 -7 8 -9 -10
11 1 -2 -3 -4 -5 -6 -7 -8 -9 -10 -11
12 -1 2 3 4 5 6 7 8 9 10 11 -12
12 -1 2 3 4 5 6 7 8 9 10 -11 -12
12 -1 2 3 4 5 6 7 8 -9 10 11 -12
12 -1 2 3 4 5 6 7 8 -9 10 -11 -12
11 -1 2 3 4 5 6 7 -8 -9 10 -11
11 -1 2 3 4 5 6 7 -8 9 10 -11
11 -1 2 3 4 5 6 7 -8 -9 -10 -11
11 -1 2 3 4 5 6 7 -8 9 -10 -11
12 -1 2 3 4 5 6 -7 8 9 10 11 -12
12 -1 2 3 4 5 6 -7 8 9 10 -11 -12
12 -1 2 3 4 5 6 -7 8 -9 10 11 -12
12 -1 2 3 4 5 6 -7 8 -9 10 -11 -12
10 -1 2 3 4 5 6 -7 -8 9 -10
10 -1 2 3 4 5 6 -7 -8 -9 -10
12 -1 2 3 4 5 -6 7 8 9 10 11 -12
12 -1 2 3 4 5 -6 7 8 9 10 -11 -12
11 -1 2 3 4 5 -6 7 -8 -9 10 -11
11 -1 2 3 4 5 -6 7 -8 9 10 -11
11 -1 2 3 4 5 -6 7 -8 -9 -10 -11
11 -1 2 3 4 5 -6 7 -8 9 -10 -11
12 -1 2 3 4 5 -6 -7 8 9 10 11 -12
12 -1 2 3 4 5 -6 -7 8 9 10 -11 -12
12 -1 2 3 4 5 -6 -7 8 -9 10 11 -12
12 -1 2 3 4 5 -6 -7 8 -9 10 -11 -12
10 -1 2 3 4 5 -6 -7 -8 9 -10
10 -1 2 3 4 5 -6 -7 -8 -9 -10
7 -1 2 3 4 -5 6 -7
7 -1 2 3 4 -5 -6 -7
11 -1 2 3 -4 5 6 7 8 9 10 -11
10 -1 2 3 -4 5 6 7 8 -9 10
9 -1 2 3 -4 5 6 7 -8 -9
9 -1 2 3 -4 5 6 7 -8 -9
11 -1 2 3 -4 5 6 -7 8 9 10 -11
10 -1 2 3 -4 5 6 -7 8 -9 10
9 -1 2 3 -4 5 6 -7 -8 -9
9 -1 2 3 -4 5 6 -7 -8 -9
11 -1 2 3 -4 5 -6 7 8 9 10 -11
9 -1 2 3 -4 5 -6 7 -8 -9
9 -1 2 3 -4 5 -6 7 -8 9
9 -1 2 3 -4 5 -6 7 -8 -9
11 -1 2 3 -4 5 -6 -7 8 9 10 11
11 -1 2 3 -4 5 -6 -7 8 9 10 -11
10 -1 2 3 -4 5 -6 -7 8 -9 10
9 -1 2 3 -4 5 -6 -7 -8 -9
9 -1 2 3 -4 5 -6 -7 -8 9
9 -1 2 3 -4 5 -6 -7 -8 -9
6 -1 2 3 -4 -5 6
6 -1 2 3 -4 -5 6
6 -1 2 3 -4 -5 6
6 -1 2 3 -4 -5 6
6 -1 2 3 -4 -5 -6
9 -1 2 -3 4 5 6 7 8 -9
8 -1 2 -3 4 5 6 -7 -8
10 -1 2 -3 4 5 -6 7 8 9 -10
9 -1 2 -3 4 5 -6 -7 8 -9
9 -1 2 -3 4 5 -6 -7 -8 -9
9 -1 2 -3 4 -5 6 7 8 -9
9 -1 2 -3 4 -5 6 7 -8 -9
9 -1 2 -3 4 -5 6 -7 8 -9
9 -1 2 -3 4 -5 6 -7 -8 -9
7 -1 2 -3 4 -5 -6 -7
8 -1 2 -3 -4 5 6 7 8
10 -1 2 -3 -4 5 6 7 8 9 -10
7 -1 2 -3 -4 5 6 -7
8 -1 2 -3 -4 5 -6 -7 8
8 -1 2 -3 -4 5 -6 7 8
10 -1 2 -3 -4 5 -6 7 8 9 -10
8 -1 2 -3 -4 5 -6 -7 -8
7 -1 2 -3 -4 -5 6 7
7 -1 2 -3 -4 -5 6 7
7 -1 2 -3 -4 -5 6 7
7 -1 2 -3 -4 -5 6 -7
7 -1 2 -3 -4 -5 6 -7
7 -1 2 -3 -4 -5 6 -7
7 -1 2 -3 -4 -5 6 -7
7 -1 2 -3 -4 -5 -6 -7
10 -1 -2 3 4 5 6 7 8 -9 -10
12 -1 -2 3 4 5 6 7 -8 -9 -10 11 -12
12 -1 -2 3 4 5 6 7 -8 -9 -10 -11 -12
10 -1 -2 3 4 5 6 -7 8 -9 -10
11 -1 -2 3 4 5 6 -7 -8 -9 10 -11
11 -1 -2 3 4 5 6 -7 -8 -9 -10 -11
11 -1 -2 3 4 5 -6 7 8 9 -10 -11
12 -1 -2 3 4 5 -6 7 -8 -9 -10 11 -12
12 -1 -2 3 4 5 -6 7 -8 -9 -10 -11 -12
10 -1 -2 3 4 5 -6 -7 8 -9 -10
11 -1 -2 3 4 5 -6 -7 -8 -9 10 -11
11 -1 -2 3 4 5 -6 -7 -8 -9 -10 -11
8 -1 -2 3 4 -5 6 7 -8
8 -1 -2 3 4 -5 6 -7 -8
9 -1 -2 3 4 -5 -6 7 8 -9
9 -1 -2 3 4 -5 -6 7 -8 -9
9 -1 -2 3 4 -5 -6 -7 8 -9
9 -1 -2 3 4 -5 -6 -7 -8 -9
10 -1 -2 3 -4 5 6 7 -8 -9 -10
10 -1 -2 3 -4 5 6 7 -8 -9 -10
10 -1 -2 3 -4 5 6 -7 -8 -9 -10
10 -1 -2 3 -4 5 6 -7 -8 -9 -10
10 -1 -2 3 -4 5 -6 7 -8 -9 -10
10 -1 -2 3 -4 5 -6 7 -8 -9 -10
10 -1 -2 3 -4 5 -6 -7 -8 -9 -10
10 -1 -2 3 -4 5 -6 -7 -8 -9 -10
9 -1 -2 3 -4 -5 6 7 8 -9
9 -1 -2 3 -4 -5 6 7 -8 -9
9 -1 -2 3 -4 -5 6 -7 8 -9
9 -1 -2 3 -4 -5 6 -7 -8 -9
9 -1 -2 3 -4 -5 -6 7 8 -9
9 -1 -2 3 -4 -5 -6 7 -8 -9
9 -1 -2 3 -4 -5 -6 -7 8 -9
10 -1 -2 3 -4 -5 -6 -7 -8 -9 -10
9 -1 -2 -3 4 5 6 7 -8 -9
9 -1 -2 -3 4 5 6 -7 -8 -9
11 -1 -2 -3 4 5 -6 7 8 9 -10 -11
10 -1 -2 -3 4 5 -6 -7 8 -9 -10
9 -1 -2 -3 4 5 -6 -7 -8 -9
8 -1 -2 -3 4 -5 6 7 -8
10 -1 -2 -3 4 -5 6 -7 8 9 -10
10 -1 -2 -3 4 -5 6 -7 8 -9 -10
10 -1 -2 -3 4 -5 6 -7 -8 9 -10
10 -1 -2 -3 4 -5 6 -7 -8 -9 -10
9 -1 -2 -3 4 -5 -6 7 8 -9
9 -1 -2 -3 4 -5 -6 7 -8 -9
9 -1 -2 -3 4 -5 -6 -7 8 -9
10 -1 -2 -3 4 -5 -6 -7 -8 9 -10
10 -1 -2 -3 4 -5 -6 -7 -8 -9 -10
10 -1 -2 -3 -4 5 6 7 8 9 -10
8 -1 -2 -3 -4 5 6 -7 -8
10 -1 -2 -3 -4 5 -6 7 8 9 -10
8 -1 -2 -3 -4 5 -6 -7 -8
9 -1 -2 -3 -4 -5 6 7 8 -9
9 -1 -2 -3 -4 -5 6 7 -8 -9
9 -1 -2 -3 -4 -5 6 -7 8 -9
9 -1 -2 -3 -4 -5 6 -7 -8 -9
9 -1 -2 -3 -4 -5 -6 7 8 -9
9 -1 -2 -3 -4 -5 -6 7 -8 -9
9 -1 -2 -3 -4 -5 -6 -7 8 -9
9 -1 -2 -3 -4 -5 -6 -7 -8 -9
